31 114 221 219 209 45 209 48
135 98 213 166 62 164 64 164
132 38 35 118 134 115 130 115
186 227 187 202 71 203 72 203
185 96 40 92 46 56 46 59
70 47 223 100 39 100 43 100
75 52 78 220 79 36 79 40
228 159 193 149 194 77 194 81
168 155 76 191 123 188 122 188
58 42 163 195 160 137 160 139
42 213 153 34 159 206 159 203
101 49 190 92 46 92 49 92
64 120 212 44 208 157 208 152
190 168 55 39 58 188 58 180
195 54 228 129 96 128 101 128
170 137 100 224 92 36 92 40
36 227 80 40 77 162 77 161
226 126 184 60 92 62 93 62
78 159 105 203 107 124 107 126
220 208 63 110 68 192 68 189
112 143 81 113 223 116 217 116
109 64 187 186 31 181 40 181
48 113 162 145 159 57 159 59
125 56 174 223 175 113 175 119
162 35 68 206 70 105 70 110
96 81 61 95 142 96 141 96
230 177 45 227 49 146 49 149
205 128 97 202 100 65 100 67
194 141 221 60 113 59 118 59
194 142 66 213 70 165 70 166
117 125 214 34 204 201 204 197
190 97 124 67 214 67 213 67
219 73 202 102 140 104 141 104
224 84 63 84 68 191 68 185
217 196 145 191 144 64 144 70
182 32 127 47 117 216 117 213
75 216 180 123 175 93 175 96
142 66 148 225 144 52 144 55
171 196 46 186 160 184 156 184
45 163 156 167 156 97 156 98
98 81 91 169 197 167 195 167
170 94 123 145 123 60 123 65
210 147 227 101 129 104 135 104
74 94 186 225 190 47 190 48
150 139 43 49 124 53 122 53
112 71 90 120 90 201 90 199
117 120 103 50 103 174 103 173
73 93 84 91 86 184 86 180
199 165 61 172 217 173 214 173
140 123 169 222 170 80 170 81
171 211 155 105 84 106 85 106
111 66 81 43 79 200 79 194
41 80 100 114 209 115 204 115
226 95 201 201 202 86 202 90
161 157 160 128 93 128 97 128
84 229 46 222 49 89 49 92
104 104 168 194 166 65 166 70
105 69 161 74 211 74 209 74
224 139 170 74 57 77 64 77
48 91 212 71 38 66 43 66
95 162 193 161 41 160 48 160
93 61 176 151 101 151 103 151
46 152 30 202 209 212 207 212
226 54 114 220 114 80 114 84
215 42 70 152 186 148 184 148
60 170 194 185 123 184 125 184
109 47 135 157 136 100 136 103
191 133 179 144 100 143 102 143
73 181 131 42 129 217 129 215
65 202 162 75 157 104 157 103
31 140 63 182 63 118 63 119
117 68 84 133 84 39 84 40
150 218 36 58 40 136 40 134
173 143 112 63 66 66 67 66
216 185 219 87 78 87 80 87
210 30 187 177 186 98 186 102
205 148 184 205 186 77 186 79
49 109 52 108 171 108 167 108
133 229 173 38 56 41 62 41
170 59 197 206 199 86 199 87
45 62 96 126 217 126 213 126
146 192 163 137 96 137 100 137
181 150 185 107 184 177 184 175
110 103 195 42 191 115 191 112
178 137 209 185 211 112 211 114
90 80 109 219 221 215 220 215
75 132 57 136 57 84 57 85
200 97 117 104 118 220 118 219
72 149 140 66 137 213 137 207
38 206 213 124 208 190 208 188
174 49 195 92 117 92 118 92
208 128 223 171 115 170 121 170
55 35 208 191 206 64 206 65
167 126 101 169 208 166 206 166
189 113 184 222 186 179 186 180
220 74 150 43 158 221 158 216
211 34 52 130 97 130 96 130
221 189 228 146 57 152 59 152
85 109 149 94 146 209 146 207
176 228 159 40 157 139 157 138
158 151 163 111 84 113 86 113
166 113 197 130 56 131 62 131
74 193 178 143 178 216 178 215
192 149 73 187 55 186 57 186
157 200 206 104 207 195 207 191
175 120 96 107 95 173 95 172
71 161 76 127 154 125 152 125
54 73 228 180 43 178 46 178
138 217 37 121 149 123 146 123
228 201 62 40 187 42 185 42
142 190 214 37 210 172 210 165
143 221 184 203 183 113 183 114
181 60 65 223 69 169 69 172
82 69 224 99 96 97 100 97
177 123 203 83 45 82 51 82
86 129 162 194 158 66 158 68
97 222 161 224 155 37 155 41
73 105 148 101 213 100 211 100
212 178 145 100 105 104 106 104
106 165 85 58 46 63 49 63
123 214 218 59 216 219 216 215
156 34 228 177 148 174 150 174
85 140 173 77 169 46 169 50
141 157 80 143 170 143 169 143
137 58 179 195 86 193 90 193
185 30 165 148 65 147 71 147
88 165 162 189 75 188 80 188
183 113 156 177 159 89 159 91
173 222 164 225 163 54 163 58
187 39 200 66 40 66 44 66
217 91 66 86 70 212 70 209
32 157 57 105 196 105 195 105
72 224 205 63 151 64 152 64
66 45 189 193 60 189 62 189
121 124 83 63 83 204 83 202
172 140 202 150 91 150 95 150
143 91 167 105 100 104 104 104
198 179 169 129 46 128 47 128
214 62 51 147 53 68 53 72
201 163 169 215 172 169 172 170
141 139 80 62 84 119 84 118
179 144 212 156 213 42 213 47
50 101 202 138 168 136 170 136
173 83 185 141 112 141 113 141
80 169 60 201 62 118 62 119
196 107 138 55 137 196 137 192
114 125 94 112 94 46 94 48
215 180 202 224 202 108 202 109
139 56 49 222 52 44 52 47
98 31 127 179 127 84 127 88
203 180 147 199 147 105 147 109
184 154 114 49 118 182 118 181
65 179 138 61 202 66 199 66
198 205 149 149 93 148 95 148
204 224 38 92 41 201 41 196
67 119 210 81 209 133 209 131
93 113 91 147 93 223 93 219
206 186 133 34 136 220 136 215
101 45 149 193 214 192 212 192
204 204 132 215 52 215 53 215
156 78 118 229 119 149 119 152
72 185 200 79 76 80 83 80
181 109 42 189 215 192 213 192
217 218 66 75 197 76 195 76
203 194 80 64 80 158 80 157
198 99 186 180 186 54 186 56
87 32 111 40 110 99 110 98
106 206 93 211 43 213 44 213
138 80 219 72 219 211 219 203
72 114 42 86 41 45 41 47
222 57 75 226 76 69 76 78
152 164 216 169 149 170 151 170
222 159 171 41 170 181 170 173
211 110 63 103 155 102 151 102
229 48 160 197 49 194 52 194
68 127 159 81 159 170 159 168
43 95 201 72 76 75 77 75
197 222 102 168 106 204 106 200
97 203 62 48 63 139 63 134
172 147 142 59 144 165 144 164
168 117 146 155 44 152 47 152
219 163 40 189 144 191 139 191
133 70 206 187 160 186 161 186
211 202 93 175 47 173 48 173
110 123 44 229 48 149 48 151
68 103 196 52 188 221 188 219
121 39 45 96 136 94 135 94
102 52 139 202 140 41 140 50
159 210 101 74 171 79 170 79
85 160 43 114 205 114 203 114
98 52 209 53 207 200 207 196
70 190 202 156 157 155 159 155
51 107 176 30 174 157 174 150
105 159 217 87 113 86 117 86
230 182 213 203 216 41 216 43
38 177 175 78 70 80 72 80
97 226 205 166 47 165 53 165
53 63 199 39 194 215 194 210
230 66 55 96 201 94 196 94
83 191 97 74 96 201 96 194
51 101 184 44 61 45 63 45
164 208 181 153 183 89 183 90
102 44 73 107 75 39 75 41
132 211 45 134 213 145 210 145
73 181 50 38 50 210 50 209
43 133 113 78 109 193 109 189
121 79 75 120 78 195 78 193
51 94 72 143 208 140 200 140
114 182 40 55 153 57 151 57
226 144 40 181 45 82 45 87
48 145 39 163 222 152 219 152
49 102 187 47 182 201 182 198
72 120 48 154 192 154 185 154
164 43 136 80 189 79 186 79
96 122 91 99 221 99 220 99
158 141 92 79 95 101 95 100
111 206 39 33 43 104 43 101
169 37 99 216 204 211 202 211
30 194 55 141 193 141 185 141
166 71 205 110 206 198 206 196
208 224 53 208 223 208 219 208
44 204 64 136 170 137 164 137
215 186 68 128 69 212 69 208
46 68 59 77 61 175 61 171
209 65 67 43 207 46 199 46
52 35 142 64 139 191 139 185
210 79 77 108 133 110 132 110
67 41 43 81 173 80 171 80
196 55 34 219 186 214 182 214
128 94 155 130 221 130 219 130
131 48 86 91 166 91 162 91
204 162 50 103 172 106 171 106
84 115 66 148 218 147 212 147
108 198 74 88 155 91 152 91
82 209 78 80 175 82 171 82
30 48 176 225 202 217 200 217
109 53 148 125 219 126 218 126
137 117 77 141 133 141 131 141
132 194 115 90 164 91 162 91
61 146 47 221 157 220 155 220
