2 3 242 38 75 182 10 118 225 14 14 14 26 22
2 3 207 241 209 183 229 191 118 185 5 2 4 12
2 3 134 220 31 175 114 180 68 195 17 4 0 0
2 3 240 163 108 123 74 102 63 218 12 18 0 0
2 3 71 164 181 241 211 24 39 145 5 13 3 5
2 3 104 202 45 209 51 202 12 193 12 25 25 15
2 3 245 93 237 229 99 202 55 45 19 4 13 25
2 3 56 238 101 234 44 196 216 36 10 6 0 0
2 3 235 171 54 246 175 193 160 15 22 23 0 0
2 3 112 89 128 23 216 42 157 99 27 19 0 0
2 3 76 30 143 123 221 146 100 81 20 19 20 12
2 3 49 176 62 92 241 178 169 18 17 3 25 10
2 3 208 120 229 122 127 119 28 175 2 4 0 0
2 3 63 17 63 223 160 64 93 137 17 15 0 0
2 3 206 43 177 117 117 216 93 108 2 18 0 0
2 3 115 242 135 136 172 118 214 35 18 9 0 0
2 3 56 201 52 189 156 200 92 123 2 5 0 0
2 3 104 163 201 198 116 96 105 239 14 14 17 4
2 3 204 177 38 191 158 150 178 42 12 27 0 0
2 3 167 41 54 214 130 93 92 168 6 7 11 3
2 3 29 199 220 17 156 51 107 238 3 30 0 0
2 3 167 61 33 208 30 192 133 76 8 2 3 10
2 3 199 113 50 113 154 133 171 242 12 3 27 8
2 3 55 149 94 31 235 123 34 127 23 25 0 0
2 3 209 127 216 31 200 134 20 167 27 14 0 0
2 3 162 125 81 175 97 95 182 29 9 13 27 20
2 3 11 10 151 20 19 12 234 103 22 14 30 4
2 3 82 60 84 217 250 44 59 92 15 23 15 21
2 3 23 208 196 147 99 12 112 39 18 3 7 10
2 3 80 111 241 113 45 103 137 249 2 2 14 12
2 3 211 125 22 177 130 79 201 138 12 8 0 0
2 3 242 181 121 15 29 35 209 168 3 4 16 23
2 3 35 64 19 54 42 174 148 102 4 22 8 11
2 3 82 157 236 23 37 78 185 120 5 16 0 0
2 3 42 105 130 223 189 121 218 194 10 30 0 0
2 3 111 242 79 160 75 10 11 20 4 21 26 27
2 3 23 203 107 186 234 141 173 58 18 27 6 11
2 3 141 244 68 110 14 246 243 209 22 3 0 0
2 3 142 48 64 219 246 147 214 20 11 4 8 5
2 3 35 84 30 76 198 244 58 24 7 12 0 0
2 3 156 232 183 148 206 67 78 108 21 27 0 0
2 3 15 134 169 195 224 74 168 48 16 14 0 0
2 3 245 240 239 20 11 113 63 87 22 6 0 0
2 3 130 42 210 231 105 211 247 145 21 17 26 24
2 3 165 80 23 212 50 218 82 205 28 21 8 3
2 3 223 212 34 74 240 110 174 109 12 4 15 23
2 3 139 203 246 246 215 102 44 99 23 4 0 0
2 3 239 96 117 238 124 211 177 182 7 19 24 26
2 3 167 78 99 89 51 156 117 217 13 14 0 0
2 3 236 149 30 92 199 192 120 200 3 9 5 28
2 3 11 204 20 105 26 110 223 41 23 3 22 7
2 3 126 97 10 58 71 191 25 34 22 28 29 14
2 3 162 148 104 57 248 59 83 93 4 20 0 0
2 3 169 27 156 228 33 38 173 123 9 13 0 0
2 3 201 20 202 55 59 40 14 230 5 17 0 0
2 3 247 239 98 90 16 63 178 130 8 27 0 0
2 3 21 132 184 118 100 58 120 52 30 9 28 3
2 3 25 31 191 168 107 169 57 166 16 3 2 9
2 3 42 15 171 20 184 245 51 212 21 13 0 0
2 3 193 161 125 193 54 119 156 79 21 2 0 0
2 3 89 85 121 85 79 236 220 39 11 9 27 3
2 3 60 131 16 194 108 166 77 23 13 8 21 10
2 3 77 130 73 165 225 229 107 221 8 12 26 9
2 3 23 72 46 100 116 13 111 77 5 4 2 16
2 3 31 179 77 222 229 69 232 94 13 3 0 0
2 3 93 125 72 33 48 51 44 19 5 8 12 4
2 3 107 79 155 190 102 58 229 72 19 29 6 20
2 3 210 114 25 70 127 185 229 183 14 6 0 0
2 3 250 55 236 61 152 53 209 111 16 4 0 0
2 3 153 211 250 202 168 25 143 157 3 4 0 0
2 3 85 73 228 106 188 91 234 216 10 14 0 0
2 3 143 23 77 152 97 153 15 94 2 8 0 0
2 3 13 18 232 106 20 249 232 36 30 18 0 0
2 3 179 26 56 250 81 35 28 121 16 12 10 11
2 3 79 112 17 37 17 97 104 188 7 7 0 0
2 3 136 208 249 76 242 99 101 18 21 21 14 20
