2 3 242 38 75 182 10 118 225 14 14 14 26 22
2 3 57 221 184 162 57 69 101 134 12 6 0 0
2 3 118 16 37 185 86 238 84 232 6 4 0 0
2 3 85 123 190 191 87 160 235 18 16 28 0 0
2 3 12 229 189 66 250 30 23 248 23 2 5 23
2 3 209 244 70 33 60 63 227 219 3 8 0 0
2 3 104 192 225 133 11 136 169 26 6 30 0 0
2 3 190 133 231 65 204 160 244 145 5 20 2 17
2 3 33 138 228 110 205 61 70 240 5 3 0 0
2 3 10 232 154 185 235 113 134 147 18 19 0 0
2 3 246 49 181 245 163 138 165 156 3 17 0 0
2 3 228 119 60 132 22 150 194 183 26 18 2 14
2 3 21 127 127 142 142 246 142 62 10 15 15 28
2 3 65 176 147 75 28 30 249 173 15 7 4 24
2 3 10 45 49 100 230 120 61 31 2 10 0 0
2 3 47 172 233 187 131 143 176 106 29 10 0 0
2 3 91 29 39 125 221 139 185 209 12 19 8 17
2 3 14 227 22 115 235 69 201 34 8 13 0 0
2 3 175 160 24 125 47 211 247 213 20 5 0 0
2 3 160 89 225 49 158 195 193 181 11 29 23 13
2 3 178 249 227 208 169 39 213 31 28 7 9 16
2 3 54 77 65 187 26 52 175 93 29 26 0 0
2 3 65 105 54 37 103 241 191 168 11 29 0 0
2 3 125 71 173 186 244 236 105 167 3 25 29 8
2 3 63 69 79 225 123 155 27 220 4 17 0 0
2 3 49 12 130 238 102 135 197 43 16 5 8 15
2 3 17 101 124 109 173 141 213 41 29 7 6 2
2 3 169 161 13 171 65 193 214 56 17 7 0 0
2 3 204 47 81 163 24 100 175 60 5 19 2 10
2 3 200 241 149 227 96 115 141 26 16 4 24 26
2 3 73 193 20 78 247 18 63 107 8 8 0 0
2 3 142 56 127 119 93 138 198 181 2 10 0 0
2 3 18 222 235 76 169 27 79 95 2 5 0 0
2 3 108 136 158 68 160 247 23 231 14 17 0 0
2 3 155 125 83 178 52 194 97 31 22 20 0 0
2 3 60 153 112 180 237 106 155 55 26 23 9 12
2 3 185 222 141 226 11 125 112 97 11 17 0 0
2 3 19 197 42 157 148 14 203 184 3 18 10 22
2 3 23 147 208 79 210 163 242 79 6 3 0 0
2 3 118 178 229 208 134 184 59 220 19 2 0 0
2 3 30 78 76 241 33 115 97 21 2 26 11 7
2 3 84 189 97 50 121 204 104 158 11 14 0 0
2 3 147 128 78 44 50 19 147 231 4 7 0 0
2 3 123 15 67 232 181 26 157 68 18 12 8 9
2 3 209 49 140 205 35 18 121 119 19 25 21 13
2 3 130 160 216 224 120 146 52 104 17 24 10 3
2 3 163 42 138 183 145 113 169 20 14 2 24 7
2 3 44 146 57 46 137 186 94 130 8 9 0 0
2 3 71 80 240 67 137 173 53 123 19 11 8 9
2 3 229 192 172 154 196 179 21 100 8 9 0 0
2 3 207 241 209 183 229 191 118 185 5 2 4 12
2 3 197 47 249 171 244 237 72 41 20 4 5 11
2 3 110 165 124 80 56 159 203 58 15 18 0 0
2 3 220 41 57 138 243 203 107 135 18 5 0 0
2 3 10 191 18 58 36 145 140 17 26 12 0 0
2 3 227 90 121 130 236 52 86 133 21 30 11 11
2 3 117 248 240 68 42 86 238 186 12 11 6 27
2 3 213 188 222 218 56 238 95 98 24 3 0 0
2 3 33 239 65 147 110 152 120 96 4 9 0 0
2 3 76 22 26 238 15 206 194 183 27 8 22 14
2 3 113 217 207 189 209 57 216 189 18 22 25 2
2 3 244 174 12 146 101 17 176 173 28 14 0 0
2 3 211 222 211 193 150 71 65 91 5 30 14 11
2 3 185 153 217 17 45 157 167 239 5 9 9 28
2 3 158 36 185 135 20 121 29 148 13 2 0 0
2 3 52 173 180 236 93 85 14 11 3 28 3 20
2 3 250 158 78 65 195 68 187 20 18 30 19 21
2 3 51 171 210 51 157 53 21 132 14 27 27 3
2 3 69 44 157 133 159 45 119 112 4 9 0 0
2 3 100 241 199 139 77 147 227 142 18 13 0 0
2 3 172 227 248 140 125 225 122 207 9 19 11 7
2 3 18 143 232 16 41 97 149 152 8 2 30 25
2 3 60 10 214 117 216 89 79 238 18 25 0 0
2 3 232 17 224 220 105 118 204 183 12 11 4 2
2 3 178 29 77 132 30 194 39 179 5 12 16 3
2 3 20 223 232 36 118 49 147 47 16 3 0 0
2 3 181 125 161 77 62 74 193 17 2 23 27 25
2 3 171 249 123 22 33 144 87 239 8 4 0 0
2 3 168 70 40 220 33 250 11 91 9 7 6 29
2 3 107 94 95 98 226 36 155 197 18 9 0 0
2 3 175 244 133 68 229 244 13 20 4 6 2 12
2 3 118 247 36 11 51 124 47 178 26 23 30 6
2 3 54 142 233 10 238 23 187 207 10 12 0 0
2 3 188 66 81 222 86 195 151 90 2 5 27 5
2 3 81 57 138 145 47 109 124 54 14 19 14 9
2 3 176 33 156 14 67 234 77 56 9 20 7 28
2 3 136 220 243 219 234 92 241 12 12 26 0 0
2 3 128 40 130 221 118 245 222 69 3 2 0 0
2 3 39 195 134 208 114 55 101 154 11 8 4 11
2 3 218 58 66 88 183 96 121 131 10 9 10 10
2 3 134 220 31 175 114 180 68 195 17 4 0 0
2 3 70 64 174 173 200 193 75 249 19 6 0 0
2 3 111 21 78 179 217 59 174 72 16 26 19 19
2 3 246 179 164 127 190 208 203 198 5 4 5 28
2 3 43 232 141 173 12 200 183 18 7 17 13 9
2 3 136 220 141 65 136 140 238 36 28 8 22 17
2 3 13 238 244 41 149 156 148 11 2 8 12 4
2 3 82 76 92 123 212 117 231 63 13 13 11 15
2 3 231 168 120 15 166 20 124 173 5 8 0 0
2 3 50 131 158 186 237 71 242 60 9 9 29 29
2 3 240 163 108 123 74 102 63 218 12 18 0 0
2 3 166 115 28 196 99 223 24 133 20 19 20 28
2 3 36 246 45 48 42 191 45 75 5 20 0 0
2 3 176 94 245 16 73 125 216 157 7 9 2 28
2 3 37 173 29 102 77 205 203 193 12 20 0 0
2 3 214 148 62 237 106 87 30 242 2 4 14 13
2 3 60 224 243 127 200 29 186 27 15 2 27 3
2 3 211 212 106 81 167 18 65 166 29 7 0 0
2 3 71 164 181 241 211 24 39 145 5 13 3 5
2 3 55 205 226 34 238 202 243 197 5 3 0 0
2 3 247 62 98 116 219 33 98 63 4 19 15 24
2 3 153 71 19 250 104 31 165 50 8 9 0 0
2 3 131 122 136 219 140 41 138 91 3 21 0 0
2 3 42 210 159 113 147 225 116 174 5 2 0 0
2 3 238 90 37 220 145 102 18 140 29 7 11 22
2 3 89 87 249 24 101 111 30 46 18 4 6 26
2 3 185 204 28 141 134 149 59 25 14 9 0 0
2 3 205 57 44 227 235 55 203 15 7 24 0 0
2 3 91 84 169 149 231 59 100 250 5 3 0 0
2 3 160 195 57 100 130 102 85 229 2 16 6 22
2 3 24 222 96 250 17 241 216 54 3 10 0 0
2 3 208 144 11 151 89 124 57 203 7 10 0 0
2 3 222 95 100 227 246 174 20 245 16 29 0 0
2 3 166 69 155 101 24 226 28 99 3 16 0 0
2 3 110 186 126 72 123 62 80 80 8 19 14 23
2 3 38 196 42 161 176 225 224 44 4 17 0 0
2 3 68 195 222 201 162 126 32 225 3 3 0 0
2 3 146 140 153 217 14 62 82 105 5 16 0 0
2 3 231 248 28 178 193 157 210 92 4 23 0 0
2 3 54 164 232 60 108 76 180 236 16 20 19 29
2 3 175 81 162 21 142 217 82 232 11 6 0 0
2 3 148 25 147 93 88 217 145 235 5 4 7 3
2 3 188 108 160 68 108 233 232 131 27 3 0 0
2 3 139 55 118 148 42 161 156 13 14 22 22 2
2 3 198 102 12 224 244 193 25 157 2 8 5 6
2 3 54 107 169 126 247 73 250 55 29 9 0 0
2 3 237 242 66 206 183 164 188 228 29 9 4 24
2 3 224 50 115 216 160 224 61 158 2 5 0 0
2 3 183 63 154 80 92 229 204 119 14 8 10 13
2 3 208 122 63 116 239 110 32 246 29 21 0 0
2 3 80 67 130 229 128 151 25 199 24 24 4 8
2 3 138 81 220 146 239 236 78 235 22 2 0 0
2 3 159 241 40 65 124 135 223 33 9 6 18 4
2 3 61 181 238 155 85 19 237 116 26 8 27 14
2 3 14 169 170 211 80 61 191 216 20 4 5 3
2 3 236 62 117 170 171 191 118 218 18 15 27 8
2 3 115 184 129 96 189 102 49 42 7 11 0 0
2 3 149 216 162 72 209 202 31 227 16 6 21 25
2 3 188 223 178 195 99 164 198 246 17 2 26 18
2 3 90 75 33 110 10 191 117 49 16 14 0 0
2 3 104 202 45 209 51 202 12 193 12 25 25 15
2 3 77 144 69 61 235 19 222 52 28 8 0 0
2 3 186 198 236 233 127 90 109 246 7 7 17 25
2 3 189 40 73 199 227 134 55 33 18 23 7 2
2 3 131 17 27 116 190 65 140 248 18 15 7 13
2 3 179 214 21 137 39 179 18 144 5 18 0 0
2 3 242 158 234 58 22 11 135 91 11 11 3 8
2 3 121 223 128 62 156 103 60 87 2 18 0 0
2 3 125 88 75 93 46 13 196 69 17 10 0 0
2 3 36 42 99 127 232 238 59 191 13 14 30 24
2 3 75 178 233 184 31 178 112 25 8 27 27 25
2 3 134 48 45 117 112 139 238 102 4 24 27 30
2 3 79 15 241 126 148 184 134 51 21 7 0 0
2 3 248 119 123 160 203 67 71 176 23 21 7 15
2 3 165 124 218 156 240 105 39 63 23 15 30 23
2 3 19 249 222 215 246 153 37 108 28 3 0 0
2 3 122 161 210 181 221 172 134 156 6 14 0 0
2 3 70 33 14 71 92 193 51 86 3 10 29 27
2 3 134 56 183 54 176 166 76 101 6 6 0 0
2 3 229 239 170 72 126 128 77 146 29 17 0 0
2 3 92 156 87 244 212 186 244 130 7 27 0 0
2 3 75 95 148 209 174 207 233 89 8 28 0 0
2 3 116 236 97 232 14 54 180 114 23 17 0 0
2 3 228 175 58 175 95 134 203 46 4 26 11 25
2 3 108 32 121 48 240 31 111 235 26 20 15 29
2 3 245 93 237 229 99 202 55 45 19 4 13 25
2 3 33 135 196 197 153 44 84 172 29 7 15 5
2 3 205 168 88 123 186 217 80 33 21 13 0 0
2 3 226 95 198 184 119 212 52 60 4 8 0 0
2 3 86 41 207 124 36 142 143 121 10 4 0 0
2 3 155 23 154 137 125 172 12 22 14 28 0 0
2 3 41 65 63 105 62 213 235 82 25 22 18 30
2 3 202 136 189 83 43 144 54 244 8 7 27 8
2 3 82 177 210 96 90 189 75 41 11 6 20 2
2 3 246 247 145 24 86 43 190 40 18 18 12 12
2 3 103 249 174 50 171 24 49 206 22 19 8 27
2 3 235 206 79 112 174 39 243 43 12 10 0 0
2 3 206 196 100 91 184 246 146 125 2 28 0 0
2 3 179 88 105 41 71 217 159 244 8 12 17 8
2 3 233 169 165 95 224 153 212 13 25 2 0 0
2 3 100 199 234 12 186 173 84 41 20 8 5 26
2 3 165 99 210 141 20 14 229 236 24 28 20 11
2 3 64 247 249 214 184 71 209 79 27 29 2 11
2 3 88 249 136 141 161 125 169 139 23 6 0 0
2 3 119 167 212 119 197 63 235 77 6 22 30 4
2 3 58 191 233 249 165 66 82 80 9 24 25 2
2 3 166 235 40 250 132 32 234 152 6 13 0 0
2 3 244 198 193 37 244 98 177 238 24 11 0 0
2 3 165 198 105 187 161 129 234 155 2 29 0 0
2 3 168 71 54 103 38 126 146 244 2 3 0 0
2 3 56 238 101 234 44 196 216 36 10 6 0 0
2 3 181 128 148 145 16 208 247 26 3 13 3 30
2 3 242 137 198 223 31 26 111 108 5 7 0 0
2 3 112 60 36 56 44 169 180 40 7 23 27 16
2 3 70 60 112 196 216 222 229 171 2 12 0 0
2 3 173 54 170 173 39 11 61 132 26 9 7 5
2 3 184 29 182 194 147 133 28 151 20 2 0 0
2 3 59 32 63 185 67 39 221 221 24 21 0 0
2 3 14 52 244 41 88 105 14 145 8 4 0 0
2 3 141 19 220 188 237 233 212 242 8 18 0 0
2 3 222 187 204 111 115 87 213 236 11 24 0 0
2 3 169 182 240 99 219 72 189 176 6 6 0 0
2 3 100 229 111 16 48 73 185 30 3 7 0 0
2 3 102 165 170 81 231 51 42 65 5 24 30 2
2 3 31 37 29 90 79 13 117 117 3 7 0 0
2 3 74 57 245 82 173 25 47 235 14 4 0 0
2 3 172 43 181 140 56 109 106 232 14 8 4 12
2 3 162 182 170 63 76 235 242 246 26 16 0 0
2 3 203 20 11 20 14 85 126 50 5 12 0 0
2 3 80 214 173 168 140 81 110 159 16 8 14 23
2 3 235 171 54 246 175 193 160 15 22 23 0 0
2 3 193 41 12 91 109 173 244 59 4 14 20 10
2 3 216 141 15 121 143 14 120 100 10 30 3 4
2 3 163 17 171 93 47 13 120 43 6 8 6 2
2 3 153 20 156 235 145 25 86 153 9 27 0 0
2 3 23 104 64 232 113 178 154 69 22 12 0 0
2 3 78 113 99 40 243 208 62 82 24 4 22 19
2 3 243 200 127 96 18 105 155 231 19 4 0 0
2 3 70 36 34 144 121 250 242 37 6 26 17 13
2 3 249 29 111 132 134 161 176 51 15 8 0 0
2 3 182 54 240 180 52 37 41 225 3 2 12 15
2 3 212 48 224 207 114 217 226 150 10 7 0 0
2 3 141 201 144 57 142 88 193 100 11 26 0 0
2 3 92 64 201 55 150 56 104 83 11 4 12 8
2 3 158 247 209 226 178 80 147 167 15 24 14 27
2 3 140 193 236 61 103 241 179 129 11 14 24 15
2 3 248 113 32 104 216 247 137 188 6 21 0 0
2 3 140 211 189 218 98 68 34 128 2 7 0 0
2 3 50 228 160 144 13 143 55 103 2 7 14 4
2 3 198 207 206 54 190 155 171 99 7 28 0 0
2 3 152 53 41 183 157 248 174 219 14 17 0 0
2 3 119 125 231 165 100 66 241 19 8 6 8 28
2 3 164 104 61 235 105 166 201 18 22 18 0 0
2 3 158 15 213 59 242 36 130 227 5 4 0 0
2 3 114 21 87 96 68 134 34 184 3 5 2 23
2 3 30 175 202 184 221 59 47 215 13 2 0 0
2 3 123 30 40 189 61 226 100 214 11 5 0 0
2 3 176 28 176 233 214 84 186 61 20 13 8 24
2 3 109 236 111 23 139 47 22 142 13 25 0 0
2 3 144 175 90 113 216 209 98 53 7 8 5 12
2 3 112 89 128 23 216 42 157 99 27 19 0 0
2 3 128 179 176 224 177 132 156 55 5 9 0 0
2 3 90 29 87 164 215 20 182 240 12 24 10 26
2 3 144 15 216 215 186 228 45 231 4 27 23 23
2 3 168 69 65 206 22 124 209 128 27 2 0 0
2 3 76 30 143 123 221 146 100 81 20 19 20 12
2 3 17 74 61 20 72 230 109 208 14 8 11 4
2 3 84 196 198 205 231 36 219 42 20 12 0 0
2 3 56 178 113 129 240 40 178 85 2 17 13 24
2 3 204 97 210 11 70 123 197 159 30 10 0 0
2 3 49 176 62 92 241 178 169 18 17 3 25 10
2 3 139 236 245 196 65 26 137 138 7 18 15 22
2 3 183 133 187 14 211 219 28 117 18 10 0 0
2 3 158 180 163 50 231 174 165 245 2 2 24 10
2 3 130 24 113 168 199 133 26 119 25 15 0 0
2 3 236 154 107 74 36 57 45 138 18 23 0 0
2 3 200 26 218 237 48 62 135 128 20 29 0 0
2 3 60 193 45 146 54 17 36 122 17 17 15 10
2 3 198 182 235 46 41 242 250 186 16 23 0 0
2 3 81 184 203 229 29 197 133 98 21 20 0 0
2 3 248 99 236 247 89 79 115 186 9 7 3 7
2 3 229 195 64 12 205 195 108 151 14 15 15 27
2 3 163 118 30 197 226 58 76 208 7 23 13 9
2 3 141 233 125 243 133 70 228 237 4 28 0 0
2 3 194 35 188 16 170 186 48 26 14 10 30 3
2 3 138 109 223 11 238 127 37 115 11 15 0 0
2 3 34 181 71 234 17 172 244 160 2 17 0 0
2 3 58 192 15 144 64 146 177 105 19 27 0 0
2 3 208 120 229 122 127 119 28 175 2 4 0 0
2 3 45 143 230 233 181 124 168 213 17 4 22 9
2 3 84 36 197 30 198 168 78 11 11 19 0 0
2 3 230 38 138 47 18 247 34 182 16 8 0 0
2 3 26 154 215 156 204 90 75 36 4 6 30 16
2 3 75 189 133 69 141 197 138 214 5 27 9 8
2 3 53 60 197 70 147 89 166 16 4 2 25 13
2 3 14 244 107 14 130 156 246 76 11 9 0 0
2 3 159 11 119 59 237 66 36 250 6 18 0 0
2 3 137 226 93 113 163 152 50 243 15 18 14 4
2 3 145 23 202 134 63 239 187 21 25 26 4 24
2 3 150 200 64 42 197 182 83 99 7 6 0 0
2 3 132 77 166 239 208 68 128 247 30 30 0 0
2 3 25 43 159 230 223 110 22 209 30 6 0 0
2 3 107 171 92 220 88 244 142 172 14 2 23 25
2 3 101 46 29 227 75 132 41 233 18 12 23 3
2 3 194 176 134 167 193 11 233 71 22 29 10 12
2 3 226 245 226 185 227 68 241 220 19 3 13 11
2 3 208 114 43 115 38 210 87 155 14 24 0 0
2 3 111 80 113 118 215 205 84 131 29 29 5 15
2 3 245 195 56 197 194 244 74 131 24 25 0 0
2 3 128 225 114 56 116 49 202 152 2 13 0 0
2 3 63 17 63 223 160 64 93 137 17 15 0 0
2 3 184 157 60 211 31 216 151 118 29 8 30 2
2 3 100 207 242 99 69 249 123 40 8 2 0 0
2 3 162 81 206 228 68 119 193 29 18 23 0 0
2 3 193 134 65 174 82 204 129 250 18 4 0 0
2 3 64 10 21 218 96 149 12 230 7 10 0 0
2 3 212 220 220 74 106 191 153 142 23 3 0 0
2 3 183 22 163 26 177 210 216 15 28 5 14 30
2 3 196 30 209 136 106 65 148 53 13 22 25 23
2 3 149 127 29 249 99 225 37 73 6 20 0 0
2 3 45 160 178 12 225 131 27 12 9 15 0 0
2 3 190 151 137 32 184 45 227 107 20 8 18 9
2 3 103 37 32 75 131 44 177 157 19 8 0 0
2 3 167 184 188 142 235 58 106 158 14 5 9 12
2 3 248 49 140 149 194 188 182 161 3 9 0 0
2 3 35 128 46 31 80 193 72 199 28 17 0 0
2 3 247 146 122 175 74 31 119 29 29 26 0 0
2 3 220 222 157 60 139 52 195 168 17 28 8 26
2 3 199 121 107 241 235 173 10 137 26 30 24 10
2 3 14 102 32 120 126 127 50 241 29 9 0 0
2 3 92 71 208 151 246 226 45 90 27 14 0 0
2 3 104 55 160 55 151 69 87 182 10 2 13 6
2 3 101 153 240 93 51 225 135 241 22 12 18 18
2 3 133 82 132 213 184 220 152 30 17 10 29 17
2 3 144 231 79 150 194 221 233 21 9 22 12 13
2 3 185 34 227 248 37 220 182 199 3 22 0 0
2 3 141 240 185 204 201 195 17 77 29 21 17 19
2 3 175 165 139 42 241 239 64 31 17 2 0 0
2 3 197 170 166 67 107 147 139 67 22 13 0 0
2 3 193 106 85 128 250 148 39 82 8 26 22 5
2 3 86 167 171 72 202 120 231 49 3 8 0 0
2 3 93 175 235 206 102 16 72 98 17 25 7 23
2 3 137 128 84 222 58 112 25 149 27 13 18 18
2 3 53 141 164 144 85 219 118 117 11 9 0 0
2 3 10 55 162 141 49 172 165 139 8 29 0 0
2 3 207 55 215 167 173 87 141 112 13 11 0 0
2 3 159 191 120 50 17 39 176 177 13 4 0 0
2 3 15 26 85 197 186 178 134 155 27 3 7 16
2 3 56 52 51 31 200 90 117 204 8 6 12 14
2 3 237 28 151 140 243 135 160 205 4 10 0 0
2 3 193 101 121 154 111 84 35 61 11 22 0 0
2 3 116 30 144 93 34 79 187 108 21 9 3 24
2 3 157 204 225 144 142 34 206 45 4 5 0 0
2 3 208 231 167 99 52 185 22 227 24 15 21 22
2 3 41 229 186 122 238 188 194 215 4 5 30 3
2 3 19 93 21 246 29 85 229 161 15 14 0 0
2 3 69 81 176 233 26 95 56 178 4 23 4 20
2 3 205 15 213 181 102 57 191 29 13 25 0 0
2 3 132 10 49 62 167 208 118 92 19 11 10 20
2 3 214 193 235 158 154 164 17 108 19 21 0 0
2 3 206 43 177 117 117 216 93 108 2 18 0 0
2 3 47 66 200 200 127 11 223 86 14 10 0 0
2 3 68 94 134 28 127 187 168 157 26 22 0 0
2 3 67 247 118 128 93 122 101 206 3 18 22 24
2 3 180 218 61 247 124 17 167 135 24 9 0 0
2 3 76 139 207 18 152 231 193 42 7 15 0 0
2 3 137 34 157 42 185 90 109 210 26 13 21 4
2 3 123 150 218 210 115 117 75 145 15 11 28 22
2 3 25 223 142 124 210 141 58 63 7 25 0 0
2 3 19 143 211 164 25 223 45 27 23 30 14 21
2 3 123 163 219 102 54 98 83 131 5 24 5 22
2 3 103 187 224 80 87 195 175 141 17 30 5 4
2 3 192 60 24 62 101 62 108 88 2 24 0 0
2 3 31 77 243 102 152 219 104 186 7 5 8 5
2 3 184 174 188 244 198 186 18 54 10 2 0 0
2 3 196 53 84 58 143 203 211 127 14 29 29 26
2 3 244 148 195 117 30 227 125 119 10 2 11 10
2 3 195 109 134 185 63 107 152 187 5 25 7 7
2 3 223 220 49 120 207 246 110 209 5 8 0 0
2 3 14 227 176 225 232 63 36 74 17 7 2 3
2 3 213 99 72 130 69 204 134 122 18 25 0 0
2 3 118 53 13 186 241 144 106 152 5 3 5 3
2 3 159 152 163 92 126 218 91 133 5 14 0 0
2 3 141 11 231 214 200 76 71 77 9 8 0 0
2 3 209 224 38 60 187 165 140 152 25 11 18 4
2 3 162 153 217 108 190 144 130 39 10 2 2 7
2 3 102 204 182 207 115 211 139 67 17 5 0 0
2 3 154 228 15 161 61 115 46 120 15 7 0 0
2 3 35 119 141 147 182 134 37 156 6 6 0 0
2 3 231 249 32 209 245 130 172 197 24 10 0 0
2 3 196 93 206 93 171 245 29 36 3 10 0 0
2 3 90 218 85 213 155 138 136 13 27 13 11 29
2 3 105 99 205 89 132 115 159 170 21 13 26 15
2 3 75 60 58 138 152 54 153 246 8 8 0 0
2 3 131 119 234 81 142 45 182 217 8 29 0 0
2 3 80 73 174 29 203 241 238 192 15 8 23 10
2 3 140 179 159 184 14 190 75 203 29 13 29 8
2 3 133 60 227 64 10 83 189 24 12 29 0 0
2 3 49 158 208 42 31 90 64 207 14 22 27 29
2 3 83 141 43 127 146 201 190 181 24 12 20 21
2 3 100 248 154 10 237 20 148 79 11 9 9 4
2 3 37 109 79 108 91 117 224 125 7 9 0 0
2 3 247 233 58 23 101 158 72 43 12 15 0 0
2 3 139 70 151 176 224 90 112 185 2 2 0 0
2 3 57 230 57 79 239 139 66 202 5 12 0 0
2 3 81 42 131 95 195 27 120 225 24 9 3 5
2 3 134 117 207 166 241 195 200 72 24 3 21 14
2 3 76 234 162 38 226 164 118 68 24 6 0 0
2 3 29 198 182 232 249 235 106 221 15 10 15 27
2 3 165 28 72 21 87 206 163 12 2 11 0 0
2 3 115 242 135 136 172 118 214 35 18 9 0 0
2 3 214 234 109 80 241 92 86 44 28 22 27 3
2 3 40 159 249 149 110 66 10 225 14 6 0 0
2 3 248 135 209 67 101 14 102 173 18 6 0 0
2 3 233 245 18 132 91 42 248 20 4 22 0 0
2 3 95 183 66 142 194 90 71 52 29 19 0 0
2 3 165 32 16 39 130 22 197 29 6 8 0 0
2 3 86 93 204 44 238 55 127 134 15 26 0 0
2 3 160 13 220 14 130 103 49 177 3 2 0 0
2 3 197 134 129 205 104 24 45 75 8 21 5 30
2 3 99 208 224 234 141 191 103 95 4 5 22 22
2 3 66 74 119 193 86 249 75 228 19 11 0 0
2 3 213 86 244 22 244 234 152 180 3 7 0 0
2 3 63 57 241 201 232 155 101 133 15 28 0 0
2 3 197 134 46 142 102 95 68 97 7 10 0 0
2 3 154 14 231 16 100 153 153 151 3 18 7 13
2 3 201 25 120 133 199 92 174 208 6 3 15 15
2 3 203 190 96 104 214 60 92 241 22 9 30 11
2 3 229 54 59 53 200 177 244 106 2 22 0 0
2 3 204 173 151 38 131 153 151 199 25 11 23 6
2 3 26 230 153 57 189 229 116 94 28 23 0 0
2 3 50 32 25 141 219 88 152 223 14 25 20 26
2 3 73 213 172 43 48 29 122 138 4 3 0 0
2 3 31 185 230 219 144 87 61 237 28 3 22 13
2 3 70 144 82 227 250 145 42 184 15 22 0 0
2 3 195 201 135 109 49 65 116 52 22 25 3 8
2 3 108 230 87 107 49 50 125 139 20 11 21 14
2 3 56 201 52 189 156 200 92 123 2 5 0 0
2 3 127 95 245 99 195 19 176 205 30 14 23 14
2 3 68 145 174 185 234 93 61 98 6 5 0 0
2 3 155 216 231 61 85 63 90 119 13 25 0 0
2 3 36 168 112 52 51 141 100 47 4 15 17 28
2 3 143 241 34 138 108 36 62 224 21 7 0 0
2 3 214 40 60 162 211 138 208 42 20 24 5 14
2 3 121 128 211 122 77 169 106 161 26 15 29 10
2 3 123 171 223 87 198 16 178 71 29 15 29 24
2 3 219 127 196 47 240 149 193 180 14 19 23 18
2 3 219 151 71 106 46 188 250 192 24 11 4 5
2 3 17 34 181 16 19 213 241 207 2 17 0 0
2 3 14 83 91 245 225 250 53 130 3 2 6 3
2 3 160 121 41 124 126 127 179 95 16 16 9 7
2 3 192 178 20 188 119 56 107 49 13 3 0 0
2 3 154 111 152 249 16 89 16 157 5 5 0 0
2 3 213 197 207 116 69 134 246 28 27 24 0 0
2 3 105 91 84 67 235 59 40 200 17 14 23 15
2 3 229 25 44 174 101 213 210 19 10 2 0 0
2 3 199 143 30 122 90 42 18 195 4 10 0 0
2 3 74 143 240 158 102 19 32 75 24 27 0 0
2 3 225 208 115 211 28 18 77 123 17 18 8 24
2 3 235 62 116 149 112 44 154 238 2 10 28 24
2 3 104 163 201 198 116 96 105 239 14 14 17 4
2 3 61 110 15 153 68 206 132 108 2 11 0 0
2 3 139 118 238 15 215 196 242 231 2 3 15 28
2 3 45 196 108 215 185 239 90 70 4 19 15 23
2 3 238 199 26 206 165 220 112 184 30 2 29 3
2 3 55 192 98 172 82 26 232 61 26 23 20 12
2 3 41 61 194 182 250 113 92 68 5 10 0 0
2 3 172 242 10 224 53 120 195 231 12 3 0 0
2 3 148 123 83 200 148 31 245 45 6 24 25 26
2 3 118 79 226 88 205 28 41 78 2 13 0 0
2 3 220 118 54 146 103 85 138 24 19 7 0 0
2 3 187 213 142 245 13 107 69 90 8 2 0 0
2 3 64 71 64 23 73 16 21 250 13 11 6 16
2 3 239 15 231 218 90 240 46 98 10 12 23 17
2 3 210 100 123 112 237 236 183 76 22 15 0 0
2 3 36 43 166 243 77 106 191 104 6 3 0 0
2 3 219 75 36 81 168 106 227 104 4 27 0 0
2 3 156 70 158 197 209 93 169 157 27 25 20 3
2 3 187 193 51 43 45 190 117 85 5 11 5 11
2 3 246 136 149 225 161 84 33 231 14 3 0 0
2 3 169 73 180 168 169 88 140 147 4 18 6 8
2 3 132 227 243 176 41 55 234 236 27 22 0 0
2 3 149 108 156 177 82 23 230 147 8 2 0 0
2 3 119 109 10 116 178 118 17 16 16 25 0 0
2 3 157 113 211 42 182 100 72 224 19 10 16 10
2 3 195 81 146 241 221 63 240 198 7 24 14 12
2 3 129 111 216 215 100 87 24 87 28 13 11 19
2 3 116 236 96 235 84 239 179 179 30 25 11 3
2 3 49 185 28 193 119 74 135 12 10 6 0 0
2 3 16 42 167 132 17 141 24 221 3 20 0 0
2 3 64 244 103 140 178 178 168 235 29 6 0 0
2 3 99 218 49 36 163 206 81 11 29 25 0 0
2 3 132 88 195 220 225 178 42 230 7 7 0 0
2 3 232 237 36 38 199 43 145 208 19 3 21 8
2 3 150 92 202 59 13 65 65 89 18 23 12 30
2 3 188 205 174 56 238 224 81 243 12 5 0 0
2 3 51 222 221 59 70 200 129 144 3 27 29 18
2 3 187 96 35 102 242 42 11 101 23 18 15 2
2 3 168 230 78 70 172 75 223 146 12 27 0 0
2 3 219 176 67 173 154 82 131 52 22 3 13 5
2 3 210 38 45 48 239 62 100 200 26 4 0 0
2 3 249 177 41 232 104 47 25 20 15 24 0 0
2 3 39 92 50 14 24 125 44 14 6 4 11 25
2 3 140 17 231 126 143 199 74 178 18 16 14 23
2 3 162 58 217 14 99 17 221 42 30 17 2 15
2 3 84 221 213 26 190 222 225 34 2 14 24 20
2 3 215 80 201 133 48 213 242 210 14 17 26 13
2 3 114 217 229 121 148 225 145 63 6 16 5 12
2 3 134 59 141 240 92 201 142 207 13 6 0 0
2 3 170 40 230 94 63 134 86 28 8 13 10 14
2 3 204 177 38 191 158 150 178 42 12 27 0 0
2 3 89 209 247 61 208 83 144 13 8 27 0 0
2 3 223 170 185 150 222 13 134 54 7 19 16 28
2 3 157 69 192 222 121 33 185 249 14 10 0 0
2 3 167 41 54 214 130 93 92 168 6 7 11 3
2 3 141 176 158 135 171 174 60 223 27 10 17 4
2 3 91 173 25 36 217 202 114 221 16 11 0 0
2 3 94 59 42 218 94 78 187 12 2 6 2 13
2 3 240 153 74 163 50 89 172 229 27 27 0 0
2 3 178 38 172 149 110 168 150 189 6 29 24 20
2 3 170 238 203 71 124 45 165 31 2 4 0 0
2 3 242 156 211 205 97 175 103 45 20 8 30 21
2 3 20 206 60 219 190 68 221 232 2 13 0 0
2 3 241 62 75 141 71 195 27 205 4 2 0 0
2 3 213 24 224 88 84 56 204 148 5 21 30 10
2 3 213 59 43 204 66 125 59 57 5 24 0 0
2 3 224 223 179 78 207 50 139 59 4 23 0 0
2 3 140 90 156 122 212 171 127 249 3 10 0 0
2 3 48 201 79 42 162 174 218 14 22 24 3 3
2 3 155 67 220 10 223 159 10 218 2 24 0 0
2 3 86 10 159 100 117 250 86 73 3 7 4 7
2 3 143 102 146 221 17 86 44 122 11 10 0 0
2 3 57 37 196 157 248 233 164 166 10 9 5 21
2 3 237 58 66 171 131 126 186 163 13 20 0 0
2 3 232 59 148 56 13 141 152 249 2 23 0 0
2 3 226 106 67 127 37 230 131 227 29 29 27 26
2 3 215 58 230 175 73 60 185 249 3 28 3 24
2 3 233 227 65 112 22 41 145 51 2 26 0 0
2 3 213 99 186 126 244 236 20 36 28 16 0 0
2 3 240 186 56 187 102 206 240 33 10 3 0 0
2 3 75 155 109 243 154 245 191 64 4 4 7 9
2 3 143 78 242 100 184 226 138 121 10 26 0 0
2 3 143 188 182 98 206 15 34 212 5 20 21 30
2 3 187 79 196 242 200 59 237 64 6 26 5 8
2 3 199 80 179 245 118 197 49 155 26 30 0 0
2 3 231 135 235 23 236 139 221 33 23 17 12 11
2 3 223 164 142 173 64 96 71 236 12 9 0 0
2 3 206 91 184 146 18 18 125 203 14 2 0 0
2 3 14 70 216 68 219 157 76 235 9 17 4 12
2 3 10 76 202 187 110 236 130 189 23 8 18 27
2 3 226 122 149 179 237 224 204 30 4 19 6 30
2 3 16 201 213 153 44 113 72 34 8 9 0 0
2 3 86 203 243 73 138 215 80 106 16 29 14 14
2 3 188 80 67 202 43 128 50 12 19 13 0 0
2 3 167 224 16 233 184 41 17 205 29 26 0 0
2 3 250 48 239 191 46 146 16 56 3 25 0 0
2 3 65 119 248 224 167 125 117 95 25 23 29 6
2 3 212 26 77 220 250 63 153 107 21 27 7 3
2 3 176 38 143 171 42 184 71 104 6 13 0 0
2 3 249 221 115 51 150 43 99 43 6 21 0 0
2 3 29 199 220 17 156 51 107 238 3 30 0 0
2 3 44 218 70 126 240 190 146 68 4 6 14 19
2 3 61 13 204 160 51 35 165 15 13 23 20 8
2 3 33 39 162 179 192 236 249 175 12 2 6 3
2 3 112 198 63 47 96 73 238 53 9 10 9 19
2 3 50 64 15 222 172 199 42 50 11 16 0 0
2 3 217 156 24 72 135 109 184 35 6 16 0 0
2 3 150 66 150 154 157 109 192 100 11 6 4 6
2 3 57 100 23 162 207 191 235 179 24 20 0 0
2 3 160 183 34 11 37 186 13 11 7 8 0 0
2 3 133 149 236 218 30 150 28 196 5 21 0 0
2 3 160 53 42 58 111 25 206 246 30 11 21 24
2 3 183 180 97 192 234 50 174 40 2 2 0 0
2 3 143 214 140 65 222 187 17 51 26 9 14 18
2 3 223 30 110 169 43 133 157 214 9 3 0 0
2 3 246 23 203 57 217 63 233 169 5 15 9 16
2 3 167 61 33 208 30 192 133 76 8 2 3 10
2 3 221 33 165 37 46 30 236 154 9 25 0 0
2 3 199 113 50 113 154 133 171 242 12 3 27 8
2 3 186 167 17 176 45 204 108 87 4 12 16 3
2 3 241 79 19 88 35 104 13 99 19 5 0 0
2 3 42 238 29 66 239 142 228 113 6 16 15 10
2 3 16 241 210 10 124 106 168 243 10 5 0 0
2 3 123 25 120 80 187 149 231 86 5 28 29 10
2 3 100 39 103 210 91 217 210 56 12 7 0 0
2 3 29 106 180 27 103 153 194 80 27 7 29 23
2 3 238 55 180 131 90 96 223 54 25 22 0 0
2 3 64 51 179 74 115 137 69 207 6 19 0 0
2 3 47 86 50 88 158 98 229 69 2 27 8 3
2 3 234 235 236 81 249 70 109 133 2 17 0 0
2 3 62 228 67 18 27 129 198 136 8 12 12 15
2 3 241 231 172 17 87 10 146 74 3 12 28 10
2 3 100 142 96 211 181 215 176 179 2 9 0 0
2 3 223 182 101 10 56 141 130 137 10 18 0 0
2 3 145 248 150 27 32 177 138 104 5 10 25 10
2 3 248 69 156 74 186 68 39 86 24 23 24 9
2 3 55 149 94 31 235 123 34 127 23 25 0 0
2 3 242 229 249 50 246 61 69 195 16 26 27 13
2 3 189 168 242 179 91 145 45 249 6 23 0 0
2 3 235 240 249 109 48 240 116 87 6 12 3 16
2 3 36 181 223 194 71 104 128 189 23 4 0 0
2 3 71 237 78 82 19 200 65 100 4 3 11 19
2 3 224 52 33 128 43 212 200 87 25 3 24 17
2 3 164 30 241 31 221 32 154 102 15 4 0 0
2 3 218 137 235 89 189 193 186 177 17 23 14 6
2 3 77 177 93 90 81 200 110 213 3 7 22 21
2 3 217 230 222 77 234 212 12 89 19 14 7 18
2 3 178 87 183 226 150 96 244 82 5 14 7 30
2 3 210 151 167 220 179 81 106 235 3 3 27 30
2 3 119 201 17 208 219 232 54 130 13 19 28 3
2 3 209 127 216 31 200 134 20 167 27 14 0 0
2 3 164 113 162 77 110 44 38 39 4 10 0 0
2 3 117 161 94 122 20 220 147 84 2 4 0 0
2 3 151 95 48 241 165 188 98 55 10 17 16 3
2 3 162 125 81 175 97 95 182 29 9 13 27 20
2 3 40 127 37 14 123 107 81 104 12 12 0 0
2 3 13 159 116 202 157 76 246 44 3 7 4 20
2 3 12 138 243 42 209 95 64 35 8 6 0 0
2 3 58 121 198 84 240 59 246 162 6 26 0 0
2 3 56 82 245 108 26 186 237 208 15 24 15 28
2 3 117 125 243 124 209 146 239 162 4 5 0 0
2 3 27 59 249 23 74 38 210 23 9 4 0 0
2 3 196 241 200 112 200 226 40 153 11 7 9 9
2 3 164 244 13 172 56 91 224 71 13 13 0 0
2 3 78 66 82 208 80 132 237 238 14 18 3 30
2 3 150 188 244 193 34 237 172 18 21 18 0 0
2 3 176 216 86 161 218 63 39 84 9 26 3 8
2 3 133 179 245 115 194 138 242 186 14 13 0 0
2 3 224 52 15 53 154 66 109 70 29 18 0 0
2 3 34 192 234 38 169 212 120 178 18 30 0 0
2 3 22 107 165 116 66 126 73 161 28 3 0 0
2 3 44 87 229 73 13 144 59 141 8 17 0 0
2 3 61 222 65 51 74 144 203 42 24 13 12 3
2 3 85 197 194 68 96 26 223 238 27 11 23 2
2 3 227 185 139 195 195 31 193 120 4 22 0 0
2 3 105 84 148 89 43 167 58 208 13 6 22 22
2 3 86 180 88 241 31 37 195 72 2 11 5 3
2 3 207 217 216 98 223 217 226 236 18 17 4 21
2 3 107 119 211 124 50 139 173 236 5 16 0 0
2 3 125 78 47 238 11 236 177 238 6 26 20 21
2 3 219 63 230 185 131 11 191 132 5 25 0 0
2 3 215 92 23 101 27 21 180 120 3 21 22 24
2 3 182 37 190 234 153 248 90 140 18 11 0 0
2 3 160 89 77 25 203 145 218 212 7 23 0 0
2 3 64 59 137 153 112 76 154 118 9 29 21 10
2 3 60 69 58 13 154 199 109 199 8 14 6 8
2 3 32 144 173 149 10 208 218 161 3 17 0 0
2 3 11 10 151 20 19 12 234 103 22 14 30 4
2 3 200 50 214 81 28 180 130 243 9 20 0 0
2 3 212 65 56 69 43 85 16 67 5 5 0 0
2 3 215 208 90 121 113 127 151 116 25 9 19 9
2 3 236 191 59 165 221 61 122 214 3 25 15 10
2 3 206 20 181 100 66 213 16 165 19 6 0 0
2 3 11 35 151 194 197 93 90 21 14 20 13 26
2 3 180 105 229 28 172 127 102 214 10 23 0 0
2 3 14 56 18 174 92 35 130 87 5 22 0 0
2 3 133 139 140 23 123 171 242 249 3 28 0 0
2 3 193 15 18 158 99 87 220 82 2 24 27 27
2 3 185 200 193 14 159 20 222 212 24 17 14 16
2 3 200 22 34 27 195 60 74 65 25 12 24 30
2 3 82 60 84 217 250 44 59 92 15 23 15 21
2 3 47 82 83 77 10 245 171 68 17 3 0 0
2 3 216 23 25 168 213 228 118 73 15 4 4 9
2 3 81 204 24 28 169 174 152 69 2 3 0 0
2 3 55 36 208 36 151 71 191 127 11 30 0 0
2 3 122 59 124 200 142 60 24 153 2 8 0 0
2 3 182 87 190 15 204 173 23 112 20 3 0 0
2 3 107 86 178 35 65 60 23 189 7 8 10 23
2 3 203 125 244 127 238 124 146 227 10 17 0 0
2 3 232 100 108 112 173 18 144 209 10 9 0 0
2 3 188 106 227 152 216 185 231 126 3 26 22 4
2 3 201 64 119 135 220 185 242 38 9 28 9 24
2 3 193 246 202 38 160 101 244 235 18 27 20 17
2 3 74 52 219 14 130 156 130 235 4 11 0 0
2 3 194 43 92 44 193 101 67 103 13 16 23 24
2 3 191 72 194 175 183 64 212 162 4 27 0 0
2 3 111 95 129 103 249 192 86 129 25 14 0 0
2 3 122 225 55 236 108 92 96 196 5 30 0 0
2 3 207 37 55 43 192 59 193 26 26 16 0 0
2 3 120 208 218 212 157 175 88 55 8 2 0 0
2 3 132 152 167 249 83 75 66 37 5 29 0 0
2 3 194 240 160 73 50 78 70 138 2 10 0 0
2 3 51 64 136 150 130 45 90 246 25 18 0 0
2 3 178 82 123 18 178 36 212 187 8 9 0 0
2 3 177 99 94 129 177 126 239 226 28 4 30 6
2 3 212 95 25 184 135 189 210 11 5 25 6 28
2 3 101 226 73 230 164 222 141 79 2 4 30 19
2 3 64 250 208 77 80 224 215 183 14 29 11 23
2 3 138 106 153 103 59 122 163 142 12 5 3 14
2 3 155 158 125 240 150 68 83 242 3 7 0 0
2 3 109 207 200 128 53 129 179 226 21 14 0 0
2 3 23 208 196 147 99 12 112 39 18 3 7 10
2 3 80 111 241 113 45 103 137 249 2 2 14 12
2 3 249 30 35 33 27 50 45 228 15 18 0 0
2 3 171 117 181 196 66 74 52 150 5 4 21 24
2 3 211 125 22 177 130 79 201 138 12 8 0 0
2 3 153 97 14 192 248 234 79 16 19 25 0 0
2 3 85 141 67 206 31 18 13 90 8 15 12 4
2 3 45 103 191 232 209 250 85 120 22 14 0 0
2 3 44 231 46 99 104 245 213 232 5 25 0 0
2 3 91 126 39 37 220 120 74 41 5 3 0 0
2 3 147 72 144 164 240 240 201 11 12 13 30 14
2 3 113 153 114 28 45 173 140 235 8 2 0 0
2 3 48 77 165 74 193 155 235 16 18 29 0 0
2 3 146 165 111 166 176 170 143 70 7 28 0 0
2 3 39 104 244 56 99 241 19 102 23 16 0 0
2 3 197 221 64 54 138 62 86 154 8 5 5 29
2 3 185 193 49 219 192 33 38 236 18 27 18 24
2 3 40 227 39 15 84 38 54 126 10 22 15 5
2 3 89 12 94 192 28 176 178 13 3 7 0 0
2 3 242 181 121 15 29 35 209 168 3 4 16 23
2 3 167 210 176 45 12 11 140 126 12 7 28 29
2 3 96 244 106 34 92 64 177 100 2 14 0 0
2 3 62 185 110 183 160 96 112 191 2 7 2 6
2 3 190 40 200 197 160 124 19 53 9 11 0 0
2 3 85 225 149 214 224 230 11 232 2 15 0 0
2 3 234 114 98 144 212 214 99 24 28 19 16 11
2 3 124 186 135 242 69 73 137 75 2 19 0 0
2 3 242 109 50 110 189 206 182 10 7 12 0 0
2 3 230 151 235 247 154 25 188 105 4 22 0 0
2 3 121 45 129 247 156 167 51 216 22 8 0 0
2 3 89 46 195 34 87 53 46 221 2 6 3 16
2 3 111 172 119 16 16 87 103 225 9 15 26 15
2 3 180 217 183 78 206 228 57 237 24 12 11 18
2 3 54 63 188 69 19 65 151 242 4 2 19 7
2 3 203 198 29 208 241 161 25 249 4 3 22 4
2 3 239 197 13 209 237 105 40 189 4 21 0 0
2 3 39 179 189 74 193 121 58 222 18 29 0 0
2 3 223 160 18 65 14 241 62 171 4 22 0 0
2 3 236 45 108 43 228 235 96 165 25 6 0 0
2 3 19 160 242 210 133 91 99 115 12 17 0 0
2 3 116 56 229 59 206 55 83 197 23 17 0 0
2 3 161 71 233 78 214 250 171 118 14 17 8 4
2 3 35 249 27 116 174 61 15 209 20 24 0 0
2 3 135 210 139 48 118 35 242 243 21 23 28 29
2 3 102 14 107 134 11 101 94 122 10 3 0 0
2 3 139 36 145 190 148 62 194 146 19 2 0 0
2 3 214 139 169 30 225 236 113 86 20 16 24 19
2 3 209 47 35 127 163 134 64 226 5 27 16 27
2 3 168 236 52 185 98 118 39 26 30 21 29 30
2 3 193 213 41 198 125 71 119 181 22 27 14 7
2 3 198 211 35 188 123 12 245 21 22 10 0 0
2 3 223 87 187 46 96 164 166 83 9 18 5 16
2 3 249 16 83 95 115 228 59 59 22 18 0 0
2 3 117 53 204 206 104 79 172 60 24 3 21 11
2 3 242 49 43 51 148 181 60 83 15 16 17 14
2 3 241 69 249 179 20 193 204 241 5 30 0 0
2 3 154 77 162 186 105 60 206 190 8 8 0 0
2 3 64 220 214 229 138 152 143 247 22 24 20 5
2 3 104 133 45 43 58 135 33 191 7 3 28 18
2 3 23 132 170 14 172 249 116 136 3 8 0 0
2 3 47 172 48 56 68 133 246 192 10 8 4 17
2 3 128 174 165 14 118 114 201 123 18 5 12 17
2 3 153 150 238 48 204 138 71 153 12 6 0 0
2 3 186 83 64 166 176 237 225 235 22 16 19 10
2 3 65 30 61 142 165 227 103 103 17 27 0 0
2 3 108 74 179 75 52 73 35 243 3 2 26 16
2 3 137 30 203 29 78 131 208 139 7 2 0 0
2 3 224 20 18 129 212 131 207 234 24 2 8 15
2 3 169 156 57 161 164 207 81 227 29 4 4 11
2 3 35 64 19 54 42 174 148 102 4 22 8 11
2 3 11 125 222 74 212 136 122 183 18 24 27 13
2 3 156 50 215 45 171 208 203 243 12 2 0 0
2 3 110 219 113 33 139 33 46 249 13 6 17 23
2 3 38 22 202 112 19 39 229 87 14 3 22 15
2 3 46 30 51 122 15 207 250 209 15 9 0 0
2 3 246 11 81 67 203 185 33 189 20 10 0 0
2 3 176 214 120 17 92 197 237 145 20 12 0 0
2 3 250 117 63 117 160 129 29 148 28 12 6 13
2 3 53 153 211 156 146 133 81 118 11 9 13 24
2 3 150 54 201 56 55 176 109 121 2 8 21 23
2 3 196 11 18 229 219 41 170 204 8 12 0 0
2 3 128 146 138 10 111 142 211 96 25 4 5 17
2 3 144 72 54 139 173 249 118 50 3 6 0 0
2 3 229 18 50 20 188 131 189 130 4 28 0 0
2 3 220 245 221 189 217 13 126 147 9 23 0 0
2 3 68 224 90 225 234 156 36 33 29 11 0 0
2 3 51 200 69 11 104 99 105 249 11 11 0 0
2 3 94 208 228 153 85 17 239 166 22 24 0 0
2 3 205 228 46 64 160 53 204 28 23 18 0 0
2 3 150 243 93 99 139 78 172 114 9 8 16 20
2 3 28 230 176 212 54 204 12 140 29 19 0 0
2 3 39 135 81 230 246 117 178 100 10 29 2 17
2 3 161 195 245 104 10 42 109 169 3 23 0 0
2 3 181 208 212 49 119 132 135 26 21 10 0 0
2 3 250 100 209 90 131 114 235 38 4 4 0 0
2 3 169 174 11 192 200 151 213 15 19 17 5 17
2 3 64 182 162 31 160 14 13 44 26 19 0 0
2 3 155 179 242 164 97 119 63 150 30 11 6 2
2 3 82 221 241 214 26 179 226 76 12 3 0 0
2 3 138 34 96 49 214 133 147 97 3 9 0 0
2 3 52 226 208 215 168 40 63 156 6 13 17 5
2 3 191 72 70 35 158 19 122 147 11 4 0 0
2 3 175 19 52 140 137 76 248 186 23 5 5 12
2 3 230 28 106 10 66 169 211 62 21 3 28 7
2 3 128 46 181 30 140 12 162 202 15 5 10 10
2 3 165 105 120 108 126 59 70 150 26 7 0 0
2 3 68 170 199 58 180 90 24 223 15 12 0 0
2 3 41 70 27 23 130 39 78 31 9 27 0 0
2 3 233 113 197 238 15 188 151 146 17 28 9 18
2 3 59 218 105 109 59 146 158 69 6 21 0 0
2 3 179 135 12 239 73 107 34 29 11 8 0 0
2 3 217 65 138 10 155 236 189 163 17 25 0 0
2 3 59 157 106 72 77 115 69 247 10 13 5 8
2 3 94 29 58 146 125 233 241 112 16 21 11 4
2 3 249 23 227 196 164 225 237 126 18 19 0 0
2 3 233 214 125 171 38 93 15 243 29 11 24 20
2 3 126 81 230 84 176 241 93 98 22 8 3 8
2 3 68 12 143 45 230 88 239 206 5 29 12 25
2 3 33 28 35 60 172 229 187 204 8 15 13 2
2 3 82 157 236 23 37 78 185 120 5 16 0 0
2 3 249 215 76 78 199 160 15 237 11 25 5 11
2 3 154 153 182 116 82 169 208 144 19 18 0 0
2 3 14 218 173 111 215 216 120 80 12 6 0 0
2 3 102 116 149 141 212 172 131 213 26 6 0 0
2 3 137 13 75 183 123 85 201 86 29 15 19 6
2 3 97 126 16 144 12 156 124 136 3 6 0 0
2 3 42 105 130 223 189 121 218 194 10 30 0 0
2 3 192 146 149 167 219 155 44 26 6 7 27 2
2 3 70 58 95 148 47 159 103 190 24 17 12 8
2 3 176 232 192 28 211 61 246 237 12 20 26 30
2 3 43 54 107 117 140 218 245 68 8 11 0 0
2 3 243 243 89 130 98 102 159 19 18 27 3 14
2 3 95 178 96 170 174 214 137 217 11 22 0 0
2 3 185 41 250 171 118 118 238 51 7 8 23 11
2 3 42 110 159 112 218 198 234 145 4 3 0 0
2 3 213 26 155 226 63 64 179 206 17 26 15 14
2 3 180 105 227 190 191 45 190 43 28 21 7 25
2 3 120 112 215 228 225 229 95 98 29 15 21 14
2 3 111 242 79 160 75 10 11 20 4 21 26 27
2 3 80 162 214 121 111 61 213 15 29 29 29 2
2 3 112 170 62 184 125 206 230 159 18 24 8 26
2 3 111 200 161 49 134 113 46 183 22 19 0 0
2 3 96 82 155 220 237 26 112 132 4 7 0 0
2 3 156 234 100 152 16 143 201 26 2 18 0 0
2 3 142 182 11 244 15 81 200 108 28 29 0 0
2 3 214 79 197 152 34 184 60 136 21 16 0 0
2 3 149 166 166 76 205 219 139 187 10 21 17 6
2 3 13 154 58 81 205 208 71 49 29 5 13 11
2 3 228 86 112 72 176 164 215 50 25 16 0 0
2 3 103 205 50 63 100 113 182 116 9 2 0 0
2 3 23 200 91 104 118 141 142 235 4 4 0 0
2 3 174 238 221 131 84 50 180 145 2 10 2 4
2 3 107 66 82 178 185 214 150 123 4 28 25 16
2 3 154 247 144 183 174 13 52 35 26 4 0 0
2 3 138 245 94 203 154 64 217 158 10 3 10 23
2 3 64 35 211 238 116 102 160 244 17 2 0 0
2 3 42 206 128 55 198 185 244 114 18 3 16 21
2 3 176 44 216 157 184 188 15 65 7 14 2 4
2 3 92 57 191 158 85 34 215 44 15 24 0 0
2 3 158 113 48 215 246 152 38 116 10 11 19 5
2 3 13 230 230 130 28 110 245 169 26 19 4 16
2 3 39 51 201 216 191 63 200 52 9 7 25 16
2 3 247 62 108 200 207 233 242 50 18 12 0 0
2 3 103 167 25 195 85 201 215 208 2 4 0 0
2 3 235 57 217 142 208 65 135 73 10 10 0 0
2 3 192 238 213 231 41 223 120 143 18 4 0 0
2 3 20 152 116 171 132 42 206 105 19 13 0 0
2 3 35 37 219 87 53 100 101 121 10 21 18 23
2 3 23 203 107 186 234 141 173 58 18 27 6 11
2 3 141 244 68 110 14 246 243 209 22 3 0 0
2 3 175 42 233 182 23 113 149 229 5 14 11 3
2 3 112 249 233 169 213 35 19 228 18 23 0 0
2 3 148 134 103 22 141 48 52 188 23 17 0 0
2 3 238 234 26 190 39 244 239 26 30 2 27 6
2 3 105 81 126 70 121 212 29 240 5 8 20 20
2 3 223 234 234 149 54 248 171 54 9 15 0 0
2 3 174 38 185 221 221 146 60 160 18 29 11 30
2 3 225 139 185 224 129 112 118 160 13 25 13 30
2 3 153 13 118 115 12 59 87 113 11 13 8 2
2 3 177 196 246 36 40 215 247 108 7 7 13 2
2 3 196 174 90 178 79 209 15 114 3 7 0 0
2 3 137 72 44 198 228 144 211 131 6 8 0 0
2 3 172 191 107 152 208 12 43 239 8 24 21 29
2 3 130 22 14 115 175 130 63 98 29 7 0 0
2 3 82 71 148 177 44 21 97 227 20 19 16 30
2 3 151 142 32 221 204 20 85 165 6 23 0 0
2 3 12 27 211 104 175 52 129 180 7 15 0 0
2 3 70 195 201 79 17 226 60 134 26 10 0 0
2 3 37 176 219 140 165 55 229 91 24 21 25 17
2 3 109 113 183 88 237 92 43 160 24 28 10 6
2 3 142 48 64 219 246 147 214 20 11 4 8 5
2 3 32 197 186 214 107 236 57 250 4 7 0 0
2 3 65 28 22 90 49 100 180 29 4 11 0 0
2 3 123 66 28 72 238 193 93 181 7 2 0 0
2 3 68 12 239 180 189 111 188 92 14 19 0 0
2 3 35 84 30 76 198 244 58 24 7 12 0 0
2 3 30 101 79 110 217 92 64 33 20 9 25 30
2 3 114 103 194 231 116 114 83 231 27 5 9 10
2 3 44 94 115 185 35 20 246 240 24 25 0 0
2 3 41 40 116 138 82 130 188 132 6 26 27 24
2 3 138 126 35 148 66 229 106 25 17 11 16 4
2 3 162 114 34 195 228 240 238 236 21 18 9 11
2 3 146 161 107 219 126 55 81 239 6 3 0 0
2 3 225 187 103 48 228 108 50 207 14 30 11 16
2 3 160 201 149 229 19 224 246 225 13 4 0 0
2 3 82 99 111 140 217 187 120 231 6 5 0 0
2 3 91 161 51 38 53 66 151 32 7 4 0 0
2 3 145 108 198 68 241 103 55 131 17 22 0 0
2 3 41 131 100 209 161 93 10 174 4 9 0 0
2 3 29 100 76 147 226 61 146 242 10 24 0 0
2 3 156 232 183 148 206 67 78 108 21 27 0 0
2 3 183 182 73 20 68 21 49 11 9 10 0 0
2 3 15 134 169 195 224 74 168 48 16 14 0 0
2 3 188 243 126 200 41 206 90 109 14 6 0 0
2 3 152 249 201 41 164 32 215 59 17 13 9 12
2 3 75 20 136 215 135 121 90 56 3 10 0 0
2 3 75 139 197 33 83 46 50 246 2 21 18 19
2 3 227 231 169 84 219 206 132 20 28 18 20 2
2 3 71 225 174 189 179 89 39 96 2 4 0 0
2 3 245 240 239 20 11 113 63 87 22 6 0 0
2 3 214 88 110 132 156 31 112 118 3 13 0 0
2 3 26 153 113 239 27 41 12 55 19 17 0 0
2 3 208 216 30 18 160 18 244 212 26 8 0 0
2 3 64 151 91 205 187 56 57 169 10 20 25 11
2 3 208 95 199 89 91 226 157 185 15 5 6 6
2 3 106 153 144 129 162 47 185 171 3 10 0 0
2 3 242 121 13 49 221 114 212 135 9 6 0 0
2 3 146 205 198 99 136 242 92 11 23 24 0 0
2 3 154 100 97 230 205 222 204 55 8 21 0 0
2 3 142 144 84 51 183 103 71 16 6 14 22 4
2 3 145 205 92 232 240 28 16 194 12 30 13 5
2 3 178 66 121 199 176 48 40 25 13 16 9 25
2 3 183 237 72 10 170 96 12 225 2 13 0 0
2 3 139 215 26 16 209 67 145 111 12 3 5 26
2 3 23 15 116 177 94 172 239 22 14 2 0 0
2 3 103 39 176 48 250 59 53 15 29 18 5 9
2 3 242 27 52 148 132 168 245 95 2 30 0 0
2 3 170 156 159 202 60 105 209 62 22 4 0 0
2 3 156 31 210 210 51 113 70 66 14 6 3 21
2 3 162 82 13 64 187 163 241 174 23 3 0 0
2 3 68 113 93 233 117 174 128 84 11 17 0 0
2 3 113 220 111 86 166 132 124 224 3 5 14 6
2 3 210 44 18 209 244 63 151 17 12 17 3 30
2 3 158 246 215 90 122 31 97 121 3 16 0 0
2 3 30 156 70 68 243 35 197 55 25 25 0 0
2 3 70 233 224 52 120 210 80 98 11 14 26 12
2 3 92 50 72 241 165 230 43 13 23 11 0 0
2 3 91 231 193 78 119 147 49 205 13 12 0 0
2 3 247 216 76 93 89 218 29 87 18 19 20 3
2 3 15 31 55 73 187 151 198 131 18 21 0 0
2 3 198 148 31 118 191 26 30 137 2 4 0 0
2 3 229 21 245 184 200 234 111 201 30 20 0 0
2 3 194 247 72 66 181 196 63 178 25 17 0 0
2 3 222 101 19 69 105 213 181 193 24 8 0 0
2 3 16 30 220 51 53 184 58 186 24 7 16 2
2 3 185 161 238 136 108 205 59 121 9 9 0 0
2 3 39 150 96 10 164 51 115 208 14 27 0 0
2 3 78 100 164 27 220 39 183 74 6 17 0 0
2 3 70 218 239 213 218 190 167 146 21 23 9 25
2 3 240 241 52 15 92 195 155 185 8 7 16 6
2 3 130 42 210 231 105 211 247 145 21 17 26 24
2 3 229 11 211 194 184 250 220 52 28 12 0 0
2 3 173 126 161 42 204 126 233 188 21 27 25 28
2 3 118 108 98 120 155 137 124 224 8 7 0 0
2 3 20 240 139 71 196 174 113 139 27 28 2 18
2 3 195 110 166 137 54 117 26 102 30 11 17 4
2 3 168 155 125 213 207 148 39 101 20 25 0 0
2 3 110 175 166 25 181 125 197 98 28 17 7 27
2 3 191 140 192 119 128 92 50 73 23 6 0 0
2 3 165 80 23 212 50 218 82 205 28 21 8 3
2 3 48 50 240 47 152 217 229 12 30 8 10 28
2 3 175 52 10 98 182 96 40 113 9 19 0 0
2 3 86 43 119 170 58 38 217 240 13 7 0 0
2 3 115 85 60 229 226 114 33 203 27 6 2 25
2 3 177 115 117 227 86 72 156 65 20 27 23 10
2 3 91 149 164 160 40 212 177 126 20 12 0 0
2 3 76 207 82 203 88 99 61 79 4 11 0 0
2 3 18 68 83 67 183 238 235 184 4 28 0 0
2 3 248 96 151 140 52 37 56 28 7 2 0 0
2 3 188 139 40 66 45 174 56 27 7 26 0 0
2 3 50 212 200 31 206 144 97 128 6 5 0 0
2 3 236 154 246 55 115 206 22 22 10 7 0 0
2 3 60 110 88 14 232 88 77 127 5 3 24 15
2 3 249 219 47 223 235 42 158 197 4 18 10 6
2 3 96 208 123 27 60 184 184 106 17 4 2 13
2 3 107 60 83 132 73 170 86 214 23 13 0 0
2 3 55 125 236 137 60 128 77 161 25 25 12 25
2 3 205 230 22 215 137 36 79 207 27 20 0 0
2 3 149 103 142 65 98 134 103 158 9 3 19 2
2 3 15 127 161 17 49 20 205 95 6 4 19 18
2 3 71 86 146 157 16 153 174 52 8 21 0 0
2 3 229 134 24 225 179 185 64 135 5 21 7 10
2 3 70 191 19 192 198 64 100 55 9 5 0 0
2 3 204 32 104 172 201 200 161 228 5 12 10 3
2 3 247 100 111 112 185 80 205 243 15 23 23 12
2 3 214 13 29 245 54 124 216 91 8 8 0 0
2 3 192 65 194 151 26 120 230 85 21 3 22 8
2 3 239 61 55 193 214 26 162 225 20 26 0 0
2 3 122 217 159 195 158 177 27 83 10 7 0 0
2 3 194 207 120 28 239 169 39 151 26 23 0 0
2 3 38 127 237 14 95 25 146 191 12 17 0 0
2 3 225 145 109 222 135 99 213 12 28 10 27 12
2 3 158 27 83 30 182 245 220 30 22 13 20 12
2 3 29 169 43 148 89 46 248 102 6 5 0 0
2 3 125 76 43 244 84 209 149 242 23 23 18 12
2 3 104 235 131 223 110 46 96 71 12 2 2 3
2 3 154 122 179 105 241 16 135 224 8 9 6 30
2 3 20 14 161 176 180 95 216 99 14 16 12 14
2 3 56 196 92 141 182 222 59 93 3 6 0 0
2 3 175 205 35 140 227 107 188 46 25 29 26 26
2 3 142 24 122 93 201 248 91 19 4 13 0 0
2 3 208 121 176 224 55 193 217 176 18 15 4 28
2 3 128 86 137 34 201 17 91 154 28 25 6 19
2 3 99 182 126 213 137 138 69 59 8 18 0 0
2 3 223 212 34 74 240 110 174 109 12 4 15 23
2 3 139 203 246 246 215 102 44 99 23 4 0 0
2 3 184 181 69 162 59 124 93 235 11 7 0 0
2 3 129 134 211 194 121 250 157 140 10 6 17 26
2 3 171 70 106 95 85 55 227 246 18 30 29 24
2 3 239 96 117 238 124 211 177 182 7 19 24 26
2 3 170 19 158 189 78 102 54 139 6 17 21 22
2 3 210 243 35 93 138 163 25 216 7 2 0 0
2 3 55 163 190 217 146 16 131 12 23 13 10 17
2 3 209 20 219 138 208 182 66 128 23 6 0 0
2 3 199 22 232 159 224 44 220 184 14 3 0 0
2 3 39 84 228 25 70 79 13 230 12 23 21 27
2 3 244 13 224 186 171 83 100 64 29 4 18 20
2 3 250 65 51 240 55 136 181 228 5 7 0 0
2 3 107 224 112 152 144 47 56 95 20 25 3 22
2 3 223 151 205 172 82 41 228 143 13 4 0 0
2 3 209 208 57 74 124 173 201 11 7 10 0 0
2 3 79 88 53 133 91 27 207 127 3 15 0 0
2 3 25 103 231 52 214 235 177 51 21 4 0 0
2 3 119 220 247 64 175 231 191 77 4 18 3 5
2 3 27 243 147 218 28 108 231 26 11 5 8 7
2 3 142 222 168 104 85 68 231 22 17 23 0 0
2 3 167 78 99 89 51 156 117 217 13 14 0 0
2 3 16 143 76 63 178 222 172 168 23 10 0 0
2 3 129 178 79 160 65 20 32 127 6 14 0 0
2 3 239 126 112 187 239 205 94 68 2 25 21 7
2 3 218 149 37 82 115 226 74 130 6 15 0 0
2 3 10 194 154 113 236 12 41 231 14 5 0 0
2 3 111 93 240 230 25 148 192 149 23 14 0 0
2 3 207 46 150 45 194 225 14 195 16 3 0 0
2 3 236 149 30 92 199 192 120 200 3 9 5 28
2 3 134 149 176 212 155 108 42 103 15 6 0 0
2 3 73 144 164 211 72 118 204 190 6 4 0 0
2 3 50 90 107 30 234 75 182 125 8 12 0 0
2 3 20 37 106 195 180 74 27 239 18 12 0 0
2 3 61 124 21 221 34 30 249 193 12 20 0 0
2 3 229 162 199 33 26 159 10 14 14 8 0 0
2 3 186 135 147 151 193 227 106 34 12 14 0 0
2 3 232 247 118 124 69 237 114 112 5 18 12 4
2 3 135 27 226 180 212 137 123 135 22 16 25 16
2 3 45 202 34 162 230 230 175 89 5 16 8 5
2 3 124 188 208 85 218 185 16 73 29 2 0 0
2 3 125 219 129 130 57 99 75 232 15 6 14 7
2 3 12 69 185 94 137 17 135 195 15 16 26 11
2 3 22 106 159 181 130 27 53 34 15 19 0 0
2 3 88 64 197 207 228 182 16 151 3 19 0 0
2 3 25 19 210 161 51 235 215 140 11 27 0 0
2 3 248 75 99 117 100 162 168 146 24 12 23 24
2 3 209 42 100 138 140 223 170 203 20 24 8 3
2 3 59 139 92 248 128 115 29 243 26 11 17 25
2 3 196 144 104 113 192 249 77 34 6 8 0 0
2 3 250 178 72 200 180 17 36 80 10 6 0 0
2 3 34 77 15 212 152 59 132 106 3 10 12 17
2 3 113 83 172 248 72 121 144 233 5 13 0 0
2 3 237 128 124 124 40 61 175 249 7 10 0 0
2 3 11 204 20 105 26 110 223 41 23 3 22 7
2 3 50 173 118 16 77 98 142 122 29 17 0 0
2 3 225 241 204 146 136 35 134 172 28 23 7 9
2 3 60 148 133 66 189 10 169 119 15 5 3 21
2 3 19 175 100 122 48 224 222 141 14 29 0 0
2 3 209 222 124 19 184 123 164 94 21 7 0 0
2 3 95 210 104 88 20 19 66 117 20 10 2 20
2 3 158 85 13 165 18 85 92 163 5 24 17 25
2 3 100 91 55 126 66 140 243 212 28 8 12 28
2 3 239 10 189 120 59 207 142 16 9 13 26 3
2 3 39 159 124 66 87 36 87 250 5 15 14 3
2 3 36 99 56 46 126 89 13 67 29 15 12 17
2 3 197 62 165 151 192 76 17 107 19 4 19 17
2 3 181 126 185 176 169 219 60 16 23 2 9 3
2 3 172 148 125 53 248 242 122 205 21 18 0 0
2 3 10 199 29 168 52 119 121 104 2 12 0 0
2 3 126 227 245 35 190 117 86 94 14 5 0 0
2 3 108 175 90 129 32 193 115 180 25 16 9 25
2 3 31 96 245 172 208 141 104 198 2 12 0 0
2 3 191 151 180 222 75 44 229 79 21 13 0 0
2 3 53 72 231 125 206 241 229 203 8 6 0 0
2 3 169 174 127 31 209 213 80 221 6 30 0 0
2 3 65 92 39 53 103 24 122 61 15 25 0 0
2 3 126 97 10 58 71 191 25 34 22 28 29 14
2 3 47 84 190 123 90 237 181 203 4 3 0 0
2 3 141 155 23 34 82 78 158 212 6 6 0 0
2 3 133 221 40 48 62 233 219 220 2 9 0 0
2 3 126 203 161 112 19 243 97 52 14 11 0 0
2 3 235 17 182 39 164 185 125 44 25 25 24 11
2 3 207 46 136 20 166 73 127 195 14 24 0 0
2 3 12 44 244 72 158 138 172 99 3 4 13 8
2 3 49 188 98 231 165 236 231 21 7 11 0 0
2 3 250 247 26 57 188 185 196 37 2 21 0 0
2 3 37 198 118 233 165 113 249 92 17 12 0 0
2 3 31 202 85 78 91 12 116 112 2 25 0 0
2 3 196 44 36 13 134 197 36 127 5 11 13 6
2 3 69 207 200 198 168 232 129 58 8 23 16 16
2 3 212 193 239 101 42 31 147 69 7 18 0 0
2 3 10 77 156 189 249 45 168 106 29 11 0 0
2 3 196 162 198 125 47 182 235 49 18 11 0 0
2 3 140 150 96 188 239 25 95 99 28 14 17 26
2 3 29 78 165 20 127 240 191 126 19 14 13 11
2 3 53 65 203 224 108 191 92 28 12 8 0 0
2 3 200 98 90 228 220 235 239 57 2 17 0 0
2 3 147 234 52 232 17 57 178 138 11 18 0 0
2 3 249 19 70 89 189 129 50 196 17 24 19 24
2 3 47 208 111 53 223 54 20 74 14 19 11 9
2 3 181 212 42 120 108 201 164 178 14 24 10 30
2 3 41 208 218 19 202 202 237 94 3 6 15 2
2 3 111 226 42 218 139 46 37 20 7 3 16 20
2 3 162 148 104 57 248 59 83 93 4 20 0 0
2 3 164 41 66 68 107 50 75 139 8 13 12 11
2 3 229 92 103 248 20 112 48 199 24 18 23 3
2 3 102 170 95 63 78 11 102 182 13 22 0 0
2 3 171 194 186 17 143 214 80 224 11 9 2 15
2 3 213 37 93 23 117 111 188 141 21 3 9 27
2 3 105 176 42 44 74 16 232 178 8 19 14 3
2 3 88 98 23 161 170 42 106 197 8 22 0 0
2 3 107 123 241 70 21 97 186 148 6 12 27 6
2 3 250 92 109 165 60 146 71 135 29 11 18 24
2 3 225 61 223 232 105 56 175 78 22 11 0 0
2 3 128 241 175 45 99 210 191 66 7 10 0 0
2 3 229 101 13 28 195 231 185 27 23 12 0 0
2 3 37 205 51 29 48 198 135 119 28 16 0 0
2 3 162 218 202 12 198 71 240 196 24 24 30 13
2 3 178 200 82 108 198 11 250 88 10 3 0 0
2 3 150 47 66 219 65 173 205 159 30 23 19 19
2 3 137 216 223 70 107 223 60 18 15 6 0 0
2 3 80 247 234 190 209 116 90 80 28 11 27 17
2 3 240 193 122 170 22 94 22 234 23 26 17 21
2 3 31 118 42 106 76 194 223 180 25 2 0 0
2 3 176 240 17 219 10 31 42 144 5 14 0 0
2 3 95 250 144 193 97 211 247 174 24 14 0 0
2 3 243 180 72 41 72 94 186 154 26 18 0 0
2 3 124 233 208 115 62 12 85 47 13 7 0 0
2 3 11 131 103 15 175 68 47 217 8 24 21 2
2 3 102 199 143 169 120 209 135 69 30 19 8 4
2 3 36 200 166 169 119 72 198 168 28 27 0 0
2 3 227 21 34 225 135 164 135 66 22 27 0 0
2 3 189 37 82 18 97 174 231 93 30 17 6 6
2 3 20 149 149 112 27 222 87 86 8 14 29 4
2 3 137 13 136 153 70 110 234 236 13 24 0 0
2 3 105 228 111 118 233 114 43 231 13 9 0 0
2 3 213 186 203 246 160 46 52 39 9 11 0 0
2 3 15 214 133 231 180 222 168 33 30 12 10 19
2 3 232 119 216 12 91 219 233 13 26 15 0 0
2 3 61 11 18 171 248 176 114 64 27 24 20 23
2 3 232 249 93 210 17 192 103 97 3 26 19 4
2 3 99 148 76 48 20 48 226 97 13 26 0 0
2 3 216 151 231 186 214 213 134 194 6 23 7 10
2 3 129 15 101 227 79 156 238 82 12 3 0 0
2 3 190 198 10 18 134 111 25 118 30 26 0 0
2 3 111 225 119 14 69 66 69 250 12 27 0 0
2 3 147 48 44 197 57 108 160 190 20 21 15 16
2 3 246 247 133 215 130 121 52 156 11 17 0 0
2 3 11 242 133 15 113 84 89 24 16 7 0 0
2 3 86 212 142 172 245 154 250 105 17 23 22 19
2 3 163 136 31 34 227 52 242 118 9 14 0 0
2 3 174 148 32 128 130 11 23 237 13 18 16 2
2 3 195 162 84 218 154 77 203 104 29 7 0 0
2 3 169 27 156 228 33 38 173 123 9 13 0 0
2 3 62 12 180 53 90 18 125 217 12 10 12 8
2 3 142 197 36 63 17 104 210 134 6 3 0 0
2 3 193 143 250 187 160 89 124 200 29 29 0 0
2 3 10 93 148 189 185 200 216 212 7 15 12 12
2 3 88 250 59 135 146 155 224 225 2 7 0 0
2 3 30 201 231 248 154 105 233 239 6 8 25 14
2 3 120 234 91 232 20 126 240 207 2 30 21 23
2 3 176 139 22 179 161 183 183 92 2 17 0 0
2 3 144 139 17 204 59 215 154 186 6 23 2 4
2 3 124 195 119 113 160 183 46 150 24 2 16 3
2 3 160 242 107 155 105 194 216 164 15 10 15 9
2 3 187 98 231 65 239 182 198 99 5 13 17 6
2 3 132 76 150 123 156 175 221 174 10 9 22 8
2 3 173 22 63 169 159 217 55 18 25 20 0 0
2 3 114 62 29 214 116 187 115 242 21 20 0 0
2 3 176 170 53 55 18 196 219 114 23 29 23 30
2 3 192 55 221 120 140 234 12 53 7 4 0 0
2 3 27 100 234 35 249 246 182 230 5 20 0 0
2 3 100 212 57 153 236 184 212 219 23 15 6 4
2 3 200 184 204 103 154 204 149 142 9 20 0 0
2 3 18 206 236 178 150 83 168 206 9 21 0 0
2 3 169 104 32 134 164 191 62 57 28 25 0 0
2 3 117 113 85 111 220 202 162 138 29 4 4 23
2 3 142 34 22 195 195 134 221 27 16 15 0 0
2 3 20 202 229 101 110 109 229 149 13 28 11 9
2 3 162 106 19 28 88 11 117 38 2 3 0 0
2 3 75 112 42 76 166 136 144 202 7 23 0 0
2 3 28 140 19 42 141 136 216 39 28 3 0 0
2 3 165 45 56 102 42 182 59 108 2 10 0 0
2 3 149 212 18 152 229 221 51 100 3 5 0 0
2 3 147 110 85 32 40 85 239 99 2 15 0 0
2 3 25 81 99 89 19 122 173 214 10 25 22 11
2 3 97 104 49 127 61 249 242 176 29 5 28 24
2 3 141 242 71 25 178 139 11 248 4 11 3 14
2 3 192 234 13 116 145 118 126 204 21 3 0 0
2 3 77 75 10 199 168 147 10 19 4 5 0 0
2 3 22 55 250 17 60 174 64 129 16 22 0 0
2 3 215 98 13 53 30 24 145 118 19 16 12 26
2 3 169 113 118 37 62 50 209 217 13 8 17 13
2 3 231 187 221 115 73 24 105 86 5 17 27 9
2 3 217 178 149 183 57 27 109 204 12 10 0 0
2 3 124 85 154 223 223 234 88 162 10 8 0 0
2 3 29 241 245 158 174 53 212 97 17 28 0 0
2 3 126 124 48 12 57 120 146 33 3 14 29 5
2 3 93 239 100 141 209 239 188 197 18 30 0 0
2 3 218 206 131 229 89 135 54 180 2 3 7 22
2 3 211 163 70 158 173 44 209 30 17 12 0 0
2 3 159 201 16 12 212 49 158 232 21 5 10 19
2 3 63 225 42 52 231 223 141 162 5 2 0 0
2 3 201 20 202 55 59 40 14 230 5 17 0 0
2 3 103 103 224 122 210 198 241 192 25 22 0 0
2 3 43 194 215 30 127 180 226 225 4 5 11 8
2 3 142 178 227 212 239 237 182 69 21 7 0 0
2 3 221 207 181 59 172 208 138 37 5 15 0 0
2 3 219 39 190 152 209 45 53 41 7 21 0 0
2 3 140 32 24 184 50 241 160 76 18 23 20 30
2 3 226 146 197 60 121 201 182 207 27 29 18 25
2 3 125 235 157 54 193 57 30 49 14 9 0 0
2 3 149 14 226 153 95 183 12 212 26 7 0 0
2 3 93 54 35 23 223 128 34 153 17 27 16 9
2 3 115 33 212 24 126 58 19 72 24 2 0 0
2 3 63 73 233 88 122 182 32 191 11 25 26 6
2 3 185 124 138 43 218 234 169 163 9 4 0 0
2 3 141 190 99 146 178 175 135 80 17 2 0 0
2 3 159 124 74 78 179 32 197 206 26 6 0 0
2 3 144 217 187 37 78 227 209 140 12 21 0 0
2 3 237 246 49 154 116 58 216 78 9 2 30 9
2 3 101 109 41 117 49 199 110 119 22 17 0 0
2 3 200 72 73 149 156 191 109 243 7 5 14 26
2 3 146 250 136 206 158 184 51 22 12 6 0 0
2 3 10 104 212 239 66 47 11 201 3 18 0 0
2 3 106 103 153 17 249 250 49 231 3 26 0 0
2 3 226 202 222 95 74 63 155 44 2 29 5 14
2 3 94 179 204 159 167 145 75 35 4 8 27 24
2 3 203 248 83 234 134 59 14 45 5 18 21 20
2 3 173 193 164 137 79 51 93 29 29 30 0 0
2 3 108 45 66 178 214 151 122 190 12 16 0 0
2 3 155 169 188 237 175 69 128 210 22 16 0 0
2 3 247 138 186 26 135 155 120 140 19 22 0 0
2 3 96 250 81 83 207 103 109 201 15 3 20 7
2 3 246 82 33 146 65 59 124 221 7 2 2 13
2 3 140 63 10 161 22 54 124 163 9 6 0 0
2 3 201 75 126 65 43 175 156 146 5 2 0 0
2 3 249 109 79 136 172 155 222 179 21 7 0 0
2 3 44 248 71 47 57 120 199 156 26 2 29 7
2 3 170 79 84 143 83 87 66 141 9 29 0 0
2 3 102 179 109 221 18 209 16 17 9 13 0 0
2 3 192 22 34 69 103 50 163 242 24 11 25 24
2 3 249 202 87 112 66 77 124 174 18 6 26 5
2 3 16 154 87 77 145 176 23 148 20 20 11 4
2 3 246 28 101 216 22 139 52 51 11 6 0 0
2 3 93 249 104 64 166 108 89 73 15 5 0 0
2 3 89 200 55 184 127 30 94 36 17 16 22 16
2 3 63 200 239 241 108 247 216 126 16 29 30 13
2 3 122 203 154 75 100 46 40 149 6 19 23 26
2 3 235 221 115 191 224 115 10 54 10 20 7 18
2 3 244 126 166 170 111 44 15 136 14 2 0 0
2 3 125 185 51 104 51 68 157 190 2 19 20 17
2 3 174 93 79 106 119 212 213 176 16 27 25 29
2 3 247 239 98 90 16 63 178 130 8 27 0 0
2 3 62 156 61 169 203 126 203 33 29 11 20 18
2 3 192 181 66 181 28 249 240 60 14 10 0 0
2 3 250 71 232 81 78 96 62 168 25 15 0 0
2 3 80 95 120 235 186 102 217 80 3 27 0 0
2 3 193 190 108 30 37 72 218 135 4 5 0 0
2 3 193 107 24 92 110 17 33 64 21 15 0 0
2 3 177 90 108 242 171 93 165 196 23 8 6 28
2 3 221 16 225 199 96 230 100 167 8 17 13 8
2 3 131 160 25 219 74 100 110 20 2 8 2 12
2 3 55 181 66 183 87 154 230 199 28 23 22 27
2 3 196 118 126 106 151 35 147 114 4 15 20 27
2 3 21 132 184 118 100 58 120 52 30 9 28 3
2 3 109 24 156 220 49 192 69 28 8 6 0 0
2 3 206 236 33 120 10 100 123 210 6 14 0 0
2 3 103 206 83 189 226 239 83 190 4 19 5 16
2 3 25 31 191 168 107 169 57 166 16 3 2 9
2 3 220 16 109 41 171 27 229 152 12 30 18 8
2 3 32 91 117 87 96 65 236 217 4 21 11 27
2 3 249 159 167 183 44 104 97 48 7 5 0 0
2 3 15 75 17 136 232 96 225 210 13 29 22 5
2 3 56 72 196 45 235 181 65 49 16 23 0 0
2 3 236 87 249 84 148 228 147 109 5 8 0 0
2 3 11 246 50 61 133 117 28 238 30 3 0 0
2 3 156 134 102 220 207 200 92 60 19 29 0 0
2 3 96 249 52 62 162 197 169 15 2 7 0 0
2 3 175 190 45 187 176 118 135 114 24 10 27 19
2 3 62 250 231 53 174 84 34 185 17 19 0 0
2 3 241 218 217 171 59 199 84 149 29 14 0 0
2 3 166 196 170 232 32 250 248 34 28 19 4 7
2 3 39 207 225 117 98 61 236 113 4 3 7 16
2 3 168 15 21 30 116 154 193 147 12 25 5 6
2 3 192 118 167 22 54 129 212 50 14 4 11 10
2 3 156 227 238 19 79 231 93 145 6 2 0 0
2 3 71 126 198 42 46 22 25 243 15 4 30 9
2 3 159 19 177 118 242 126 19 180 10 3 9 20
2 3 67 21 153 60 151 238 195 107 9 27 22 21
2 3 88 241 108 159 246 36 40 192 26 11 0 0
2 3 195 163 111 11 55 217 26 25 29 6 0 0
2 3 58 232 27 229 215 62 212 128 12 8 16 15
2 3 226 244 58 79 120 93 23 22 21 7 13 27
2 3 151 119 11 232 112 74 202 39 4 17 12 18
2 3 166 75 41 183 53 132 215 38 2 7 8 23
2 3 223 92 180 31 242 49 48 75 10 25 0 0
2 3 156 227 115 64 225 190 57 174 7 5 0 0
2 3 114 71 237 97 95 103 30 202 13 23 0 0
2 3 106 43 164 105 98 113 39 234 6 17 8 12
2 3 69 71 116 191 50 185 212 237 22 24 0 0
2 3 238 119 144 188 35 10 25 228 20 21 10 7
2 3 22 244 128 190 136 31 54 155 18 12 30 12
2 3 42 15 171 20 184 245 51 212 21 13 0 0
2 3 99 124 130 66 191 199 38 77 9 10 25 23
2 3 196 238 88 231 51 169 146 185 4 5 0 0
2 3 186 30 177 201 124 22 190 34 23 10 0 0
2 3 41 42 71 76 36 11 173 233 13 24 0 0
2 3 185 10 120 57 196 217 81 192 9 20 0 0
2 3 197 210 71 37 183 117 65 213 21 2 0 0
2 3 117 113 230 41 84 217 59 220 19 22 0 0
2 3 90 21 74 205 26 49 245 168 3 20 28 29
2 3 234 246 249 246 68 47 106 169 16 13 0 0
2 3 64 27 169 94 110 81 36 175 18 19 6 18
2 3 200 17 36 249 247 69 111 123 6 11 0 0
2 3 55 29 228 246 215 34 76 195 26 14 0 0
2 3 175 43 185 19 193 33 28 68 3 21 30 26
2 3 91 158 150 207 15 88 231 207 10 5 5 3
2 3 26 103 92 199 246 97 223 98 15 21 0 0
2 3 193 161 125 193 54 119 156 79 21 2 0 0
2 3 220 123 210 11 150 82 118 109 12 8 0 0
2 3 121 136 210 58 219 16 248 108 10 9 0 0
2 3 196 16 188 196 105 172 248 16 29 3 17 20
2 3 39 149 85 81 158 167 213 192 16 6 0 0
2 3 117 244 19 235 124 210 108 52 4 15 0 0
2 3 246 23 220 101 29 138 224 246 12 19 0 0
2 3 110 18 94 188 22 220 181 117 18 12 0 0
2 3 215 210 20 175 186 39 221 167 3 26 2 9
2 3 105 139 86 204 40 83 188 111 14 14 0 0
2 3 35 117 97 236 220 24 139 62 6 10 28 20
2 3 28 67 79 73 128 140 225 247 30 13 0 0
2 3 91 90 206 211 16 92 140 168 5 23 0 0
2 3 41 186 63 111 24 95 90 80 11 7 0 0
2 3 242 245 186 159 28 23 119 10 12 6 0 0
2 3 105 131 239 47 48 93 25 238 7 2 7 27
2 3 73 64 10 40 101 229 229 166 7 9 0 0
2 3 164 37 22 128 35 24 223 249 12 7 15 21
2 3 49 32 157 99 213 172 81 163 17 9 0 0
2 3 57 202 29 26 13 90 126 111 12 27 0 0
2 3 179 120 127 248 91 237 86 72 6 24 5 9
2 3 37 132 17 81 138 100 191 50 4 10 0 0
2 3 188 200 96 125 95 16 27 63 11 15 3 22
2 3 76 217 33 223 30 241 199 239 21 2 19 25
2 3 32 115 202 101 114 75 79 223 6 27 0 0
2 3 65 34 75 178 124 156 237 234 10 17 0 0
2 3 194 178 58 95 179 233 146 39 6 3 3 15
2 3 142 211 131 51 101 62 50 175 11 4 0 0
2 3 35 76 240 37 238 89 41 163 9 27 3 20
2 3 107 224 68 27 159 160 142 240 9 16 0 0
2 3 137 13 176 179 223 213 213 53 22 7 8 20
2 3 165 11 28 137 226 134 193 46 22 13 0 0
2 3 100 195 93 48 167 50 22 152 30 19 4 23
2 3 96 11 235 157 141 17 81 98 13 17 2 17
2 3 89 85 121 85 79 236 220 39 11 9 27 3
2 3 130 205 153 41 80 152 201 31 5 2 0 0
2 3 242 215 185 195 64 126 194 200 20 16 0 0
2 3 26 197 209 149 242 236 43 14 23 3 0 0
2 3 163 158 138 227 153 53 210 192 10 17 26 19
2 3 147 21 94 188 182 239 62 39 29 15 27 4
2 3 119 192 110 50 169 137 40 153 12 5 2 15
2 3 132 245 65 171 57 57 195 180 5 5 4 19
2 3 16 25 28 132 201 98 79 160 15 21 22 5
2 3 235 113 149 46 29 198 192 197 7 19 10 20
2 3 12 65 181 66 167 159 166 33 25 24 0 0
2 3 115 71 71 143 63 179 51 178 11 9 0 0
2 3 28 13 22 101 29 229 248 34 7 19 0 0
2 3 68 240 195 230 141 187 59 152 20 2 0 0
2 3 149 16 77 62 134 146 217 72 22 7 0 0
2 3 96 47 91 141 141 250 60 114 7 21 24 21
2 3 217 24 11 120 149 212 91 116 4 20 10 7
2 3 146 192 116 224 232 53 108 38 10 24 0 0
2 3 129 233 97 58 203 91 21 181 6 3 3 15
2 3 232 54 176 186 215 19 199 24 13 2 0 0
2 3 17 116 52 179 245 179 92 90 22 7 0 0
2 3 96 177 21 50 71 193 52 59 21 10 0 0
2 3 138 173 119 82 238 98 130 187 4 4 0 0
2 3 187 138 185 174 76 116 146 193 4 4 0 0
2 3 246 231 80 235 13 114 188 133 23 18 0 0
2 3 100 234 13 107 143 59 62 30 11 2 0 0
2 3 102 220 80 113 52 15 26 27 20 23 0 0
2 3 166 52 176 181 128 243 165 232 18 23 0 0
2 3 22 112 175 99 213 226 64 245 15 14 0 0
2 3 129 235 121 31 105 90 18 157 20 11 4 23
2 3 196 244 151 164 167 64 194 197 20 25 0 0
2 3 53 166 172 152 116 116 128 161 25 6 4 10
2 3 205 55 22 54 85 246 52 146 29 9 26 5
2 3 244 104 109 114 248 106 74 90 6 7 0 0
2 3 188 184 175 39 208 32 137 210 12 20 0 0
2 3 163 50 170 198 28 241 25 210 16 5 0 0
2 3 244 168 219 110 133 175 40 21 8 26 0 0
2 3 248 38 169 161 173 107 30 13 8 24 0 0
2 3 20 65 11 208 33 212 122 78 16 3 22 28
2 3 41 218 29 42 98 76 223 147 12 18 0 0
2 3 183 153 85 14 15 90 220 60 13 22 28 21
2 3 27 200 236 241 210 11 128 241 6 19 0 0
2 3 97 234 157 145 27 113 222 165 6 20 0 0
2 3 168 64 38 247 197 199 170 111 21 8 0 0
2 3 248 153 83 232 67 148 164 22 25 20 29 9
2 3 74 244 144 78 116 239 150 180 8 3 21 11
2 3 62 218 87 160 81 240 206 19 15 6 0 0
2 3 26 230 89 73 10 94 119 151 25 30 10 24
2 3 96 44 40 226 202 71 246 185 5 13 0 0
2 3 79 20 181 236 174 175 102 93 27 14 13 28
2 3 60 131 16 194 108 166 77 23 13 8 21 10
2 3 208 72 182 163 130 249 202 20 7 9 0 0
2 3 163 183 44 88 125 204 205 126 14 3 0 0
2 3 122 138 216 105 168 208 86 156 2 10 0 0
2 3 31 238 224 246 22 16 96 130 17 11 25 20
2 3 207 50 196 57 57 138 221 233 9 20 3 9
2 3 133 216 65 159 221 27 211 19 8 27 0 0
2 3 210 61 46 218 71 188 23 161 12 21 13 11
2 3 246 190 159 18 103 195 234 138 7 7 0 0
2 3 230 104 189 172 10 205 228 72 9 4 23 21
2 3 31 90 110 55 65 168 48 16 30 12 17 20
2 3 166 35 190 45 70 124 16 71 7 16 0 0
2 3 34 213 11 25 44 14 167 22 13 5 28 7
2 3 14 22 194 131 74 25 84 169 24 23 5 24
2 3 49 33 65 195 188 151 102 175 9 10 0 0
2 3 112 213 93 96 13 180 25 78 17 11 22 12
2 3 81 22 198 220 104 35 136 19 24 11 0 0
2 3 167 135 169 240 120 237 18 220 17 7 0 0
2 3 233 38 134 34 66 140 53 222 20 19 2 2
2 3 180 28 107 41 31 110 109 123 12 10 12 13
2 3 113 207 25 155 212 236 137 213 12 8 0 0
2 3 53 84 206 149 246 220 50 119 28 30 5 22
2 3 103 211 211 62 35 138 246 158 11 30 20 16
2 3 16 92 133 203 92 121 234 41 21 12 0 0
2 3 120 245 98 242 87 173 63 72 7 17 8 30
2 3 124 157 225 247 25 136 71 135 9 13 4 11
2 3 146 78 17 214 102 132 120 173 5 14 28 15
2 3 208 19 44 28 177 93 156 239 5 6 0 0
2 3 239 47 183 69 131 200 83 230 5 6 0 0
2 3 100 178 190 191 170 130 14 220 8 12 17 12
2 3 14 194 64 38 63 166 224 247 4 12 0 0
2 3 214 233 13 47 112 184 99 200 3 17 0 0
2 3 178 123 45 195 52 230 232 100 17 11 17 16
2 3 157 40 245 157 250 223 239 213 13 27 0 0
2 3 153 193 224 192 39 32 199 46 6 26 0 0
2 3 222 105 156 77 181 181 133 96 29 12 0 0
2 3 30 71 60 243 76 141 206 82 16 6 17 17
2 3 163 26 39 44 247 161 49 233 20 21 25 26
2 3 190 128 229 86 21 230 125 51 24 18 0 0
2 3 69 214 250 121 151 28 86 220 30 11 7 15
2 3 114 236 30 71 48 102 173 185 10 4 0 0
2 3 134 237 105 57 43 220 174 136 13 10 0 0
2 3 218 158 63 45 52 121 100 237 7 11 4 29
2 3 145 142 20 35 64 54 166 229 8 22 5 10
2 3 95 91 183 246 222 162 173 74 4 29 13 24
2 3 95 180 101 212 208 221 136 17 11 17 19 16
2 3 195 181 47 250 145 140 111 13 3 25 0 0
2 3 176 11 205 134 122 105 41 115 5 5 26 25
2 3 79 143 156 123 135 134 223 114 12 30 28 5
2 3 60 34 106 20 10 150 10 250 10 15 0 0
2 3 77 130 73 165 225 229 107 221 8 12 26 9
2 3 236 18 123 206 18 180 79 196 9 5 0 0
2 3 236 121 160 14 14 226 117 14 7 15 0 0
2 3 248 181 24 12 137 115 184 160 18 3 10 29
2 3 182 55 174 35 113 153 215 237 17 2 0 0
2 3 166 127 170 130 206 25 24 31 6 25 0 0
2 3 129 29 158 129 30 117 51 144 3 4 0 0
2 3 189 147 198 122 127 102 164 241 19 8 0 0
2 3 206 27 212 125 113 131 186 106 27 17 0 0
2 3 34 194 84 52 67 206 204 201 2 24 0 0
2 3 198 216 42 192 89 150 166 220 30 7 0 0
2 3 57 95 183 72 136 60 250 27 18 14 0 0
2 3 132 239 11 81 176 33 137 219 19 30 0 0
2 3 204 160 99 73 20 156 54 56 22 28 0 0
2 3 23 72 46 100 116 13 111 77 5 4 2 16
2 3 112 197 68 224 169 125 133 32 3 7 23 30
2 3 91 233 86 137 37 241 218 30 2 2 0 0
2 3 246 116 206 99 26 140 37 237 14 15 0 0
2 3 60 113 133 25 21 175 171 216 13 5 0 0
2 3 12 72 213 201 241 84 16 90 6 8 0 0
2 3 245 82 106 151 15 247 226 19 14 15 0 0
2 3 151 112 23 162 135 101 210 16 26 4 13 30
2 3 37 220 107 80 182 28 203 46 3 10 0 0
2 3 50 84 49 147 146 108 198 56 8 7 22 7
2 3 185 188 80 63 30 178 241 101 4 2 9 29
2 3 12 107 102 73 130 184 49 26 7 2 8 20
2 3 126 118 34 246 83 250 192 123 2 20 0 0
2 3 126 212 21 32 249 94 54 137 12 13 0 0
2 3 111 17 248 172 152 74 142 159 5 10 19 8
2 3 91 67 26 63 132 71 28 234 19 11 12 30
2 3 95 217 204 171 220 94 249 59 9 18 6 27
2 3 241 212 78 20 238 10 128 222 15 13 28 6
2 3 199 180 15 179 22 154 157 126 5 22 29 9
2 3 208 218 38 177 132 122 202 241 30 5 17 22
2 3 79 85 88 248 57 93 144 53 22 3 0 0
2 3 242 165 237 200 34 192 217 136 26 15 0 0
2 3 56 173 82 120 111 151 16 238 6 18 0 0
2 3 195 166 40 101 213 46 191 241 11 7 2 4
2 3 155 152 182 124 234 231 173 27 4 17 19 22
2 3 218 223 105 220 207 122 17 49 17 27 0 0
2 3 82 146 159 142 243 181 98 186 18 20 14 12
2 3 179 72 114 111 249 125 244 30 7 2 2 6
2 3 43 65 157 22 167 247 98 154 28 19 5 14
2 3 168 14 80 202 158 146 45 137 17 22 0 0
2 3 185 167 230 88 77 198 64 103 3 19 25 27
2 3 249 102 101 182 107 103 40 159 5 3 0 0
2 3 80 75 80 141 213 116 112 216 8 2 6 28
2 3 41 214 123 181 127 208 60 140 8 5 8 2
2 3 151 86 67 146 63 66 14 248 6 6 20 7
2 3 26 220 91 77 240 181 78 71 30 9 8 23
2 3 31 179 77 222 229 69 232 94 13 3 0 0
2 3 26 60 218 243 218 144 121 26 11 20 10 25
2 3 242 43 19 66 185 120 30 188 15 8 24 10
2 3 37 195 47 17 219 121 98 74 12 12 9 9
2 3 117 197 93 214 19 250 125 32 24 5 17 21
2 3 244 116 106 34 249 199 167 157 20 22 0 0
2 3 59 216 32 118 133 77 246 204 5 10 23 15
2 3 126 132 21 39 11 42 99 206 30 22 5 9
2 3 84 100 208 219 72 177 65 34 6 2 18 4
2 3 243 201 128 160 158 92 13 154 3 10 0 0
2 3 131 41 41 111 162 134 239 241 26 6 9 17
2 3 76 25 119 36 88 20 241 248 14 12 14 16
2 3 235 111 186 14 174 25 149 169 14 17 0 0
2 3 219 228 142 106 243 238 160 33 6 19 0 0
2 3 130 183 45 142 14 128 166 229 22 27 15 14
2 3 38 64 142 106 240 140 75 215 7 2 0 0
2 3 14 57 127 227 217 40 105 129 17 22 9 8
2 3 165 193 77 78 198 136 128 119 21 4 0 0
2 3 77 53 208 184 48 229 29 120 30 15 26 19
2 3 196 147 240 206 109 131 25 65 16 28 0 0
2 3 44 135 215 157 119 238 180 33 6 27 0 0
2 3 185 117 49 168 187 48 243 164 12 6 0 0
2 3 83 24 58 81 164 91 155 177 13 25 0 0
2 3 54 229 12 68 192 126 221 60 26 17 0 0
2 3 92 200 240 167 67 121 17 47 5 15 30 27
2 3 225 160 245 75 31 33 25 32 4 8 0 0
2 3 114 10 109 25 73 53 20 32 11 11 0 0
2 3 169 153 99 225 84 73 41 36 10 7 0 0
2 3 186 178 40 172 103 196 124 110 5 26 0 0
2 3 143 143 95 239 202 47 77 23 11 26 16 9
2 3 236 150 201 227 24 154 237 173 6 13 3 3
2 3 128 246 244 39 70 65 208 25 25 27 30 3
2 3 217 207 222 48 203 67 106 103 3 3 0 0
2 3 215 228 97 109 64 177 240 89 29 10 0 0
2 3 127 187 27 71 79 78 45 77 27 16 28 15
2 3 146 17 229 151 152 74 66 222 6 3 3 7
2 3 130 223 222 152 159 167 160 40 3 12 22 25
2 3 76 45 26 159 58 133 19 238 16 18 0 0
2 3 20 203 191 181 90 183 194 122 24 15 2 24
2 3 50 200 103 16 96 189 240 42 22 21 0 0
2 3 237 104 203 56 58 52 29 246 15 29 3 21
2 3 33 184 106 38 139 27 68 225 4 21 0 0
2 3 156 124 97 163 73 230 211 83 17 22 14 3
2 3 31 240 72 48 225 122 239 110 3 2 0 0
2 3 153 249 220 235 14 224 165 19 5 5 16 12
2 3 113 119 225 103 50 77 28 214 13 18 30 28
2 3 163 180 40 148 116 55 104 36 22 11 9 11
2 3 163 44 194 218 45 184 178 142 10 4 8 18
2 3 77 249 154 21 236 114 212 146 20 27 30 15
2 3 193 126 40 75 89 200 57 200 11 20 26 9
2 3 93 125 72 33 48 51 44 19 5 8 12 4
2 3 197 221 69 40 224 202 106 87 30 24 25 10
2 3 76 194 247 227 152 201 87 228 17 22 0 0
2 3 229 51 41 47 105 40 191 129 26 6 13 26
2 3 45 81 79 92 220 11 98 67 2 11 0 0
2 3 116 142 119 122 138 185 180 127 11 6 0 0
2 3 48 143 82 35 35 160 12 18 2 19 4 20
2 3 38 11 44 43 128 31 93 159 19 12 28 29
2 3 244 211 12 232 52 171 79 191 2 11 0 0
2 3 202 193 202 227 249 244 244 90 5 18 7 24
2 3 195 177 126 207 227 34 57 133 2 22 0 0
2 3 134 179 60 241 190 231 96 225 17 17 5 4
2 3 65 88 153 127 240 192 163 141 12 27 0 0
2 3 42 11 229 223 23 175 196 125 9 3 0 0
2 3 175 200 82 134 24 57 164 36 4 21 9 10
2 3 85 240 36 131 72 183 209 236 2 4 0 0
2 3 198 242 40 215 17 41 119 230 26 15 0 0
2 3 234 82 61 146 77 109 55 92 16 23 0 0
2 3 219 244 180 79 147 74 21 242 15 6 4 28
2 3 58 37 150 157 214 50 53 228 25 12 30 24
2 3 16 65 169 227 176 24 167 55 19 10 14 18
2 3 191 67 171 244 202 112 54 21 28 11 12 15
2 3 52 155 149 27 207 57 139 218 19 18 0 0
2 3 190 168 23 170 53 146 73 225 20 17 0 0
2 3 68 236 60 64 14 226 206 84 2 24 16 29
2 3 29 205 24 134 81 180 228 15 4 2 5 9
2 3 133 107 140 95 224 114 181 101 21 18 0 0
2 3 179 50 172 149 75 157 105 175 21 18 0 0
2 3 19 82 150 76 66 226 44 235 18 5 29 18
2 3 137 27 250 137 216 167 43 80 7 10 16 25
2 3 110 80 64 92 233 30 67 39 6 15 0 0
2 3 236 125 154 231 97 170 41 196 30 7 0 0
2 3 233 137 218 55 182 141 229 108 11 23 5 17
2 3 202 250 111 70 200 138 73 170 3 11 30 9
2 3 178 108 221 220 69 245 199 36 17 7 29 7
2 3 166 250 158 41 129 247 80 156 13 29 0 0
2 3 201 235 71 55 225 25 106 91 25 24 24 30
2 3 222 17 111 234 115 111 34 116 28 8 2 6
2 3 174 183 180 85 141 56 72 85 26 7 27 5
2 3 86 154 246 247 193 116 237 118 7 17 21 21
2 3 222 126 168 72 48 203 134 65 12 20 0 0
2 3 73 246 92 182 151 175 27 16 13 19 0 0
2 3 66 211 181 249 30 109 51 91 11 29 0 0
2 3 122 125 179 169 129 209 219 245 10 20 0 0
2 3 73 145 23 38 141 85 121 194 8 12 0 0
2 3 245 139 233 191 41 193 80 143 11 10 0 0
2 3 32 46 48 130 30 151 212 169 22 11 6 2
2 3 159 212 206 60 211 125 169 173 13 21 2 27
2 3 156 50 53 24 203 45 49 211 3 14 0 0
2 3 127 228 64 243 211 165 51 164 19 2 0 0
2 3 107 79 155 190 102 58 229 72 19 29 6 20
2 3 187 146 240 88 73 161 131 137 9 28 27 7
2 3 23 143 105 59 124 157 49 214 5 30 27 29
2 3 100 134 30 99 63 83 89 16 16 17 28 25
2 3 177 118 228 125 210 132 216 208 19 15 22 16
2 3 222 144 140 170 191 31 180 16 7 7 0 0
2 3 205 148 133 31 196 210 207 170 7 5 0 0
2 3 106 219 42 211 97 83 47 59 3 7 0 0
2 3 104 99 134 122 100 103 228 32 29 17 0 0
2 3 82 186 100 172 28 176 239 205 11 2 0 0
2 3 85 10 28 170 219 209 164 196 11 6 9 6
2 3 227 55 144 14 125 105 28 90 13 28 0 0
2 3 67 32 117 222 44 64 239 25 15 4 23 17
2 3 176 107 239 107 38 207 55 68 23 30 0 0
2 3 187 32 157 178 224 212 194 160 22 28 18 26
2 3 156 169 88 72 249 120 120 15 4 22 0 0
2 3 132 96 179 111 29 174 129 250 8 14 0 0
2 3 47 220 16 209 149 94 229 168 23 27 27 10
2 3 174 110 49 245 47 213 231 21 23 21 0 0
2 3 248 171 15 166 162 26 223 202 5 25 0 0
2 3 12 110 35 155 17 192 222 189 5 17 0 0
2 3 157 53 38 129 67 198 51 169 7 30 30 12
2 3 97 17 112 100 244 249 206 123 15 2 8 11
2 3 211 237 23 146 23 212 190 169 23 14 0 0
2 3 24 25 173 103 158 57 138 55 16 13 0 0
2 3 91 102 145 59 129 196 59 179 10 23 0 0
2 3 128 212 93 232 67 151 91 72 11 2 0 0
2 3 34 221 91 200 203 47 78 199 9 2 0 0
2 3 189 10 203 238 78 188 73 107 26 18 0 0
2 3 117 33 96 36 247 28 171 157 17 2 0 0
2 3 202 87 47 143 100 204 32 55 8 28 0 0
2 3 182 171 18 157 17 100 127 168 3 7 23 3
2 3 123 31 238 68 138 131 97 119 21 8 20 17
2 3 227 65 200 119 130 250 128 83 14 20 14 12
2 3 153 195 114 208 145 36 71 13 8 14 0 0
2 3 160 82 138 250 198 179 21 37 28 7 4 21
2 3 43 127 151 236 148 212 39 238 18 27 0 0
2 3 75 59 237 94 203 44 124 66 18 2 21 30
2 3 139 215 148 41 250 211 114 176 15 9 0 0
2 3 178 152 212 39 38 155 51 80 18 22 0 0
2 3 164 67 245 17 137 114 168 235 14 2 0 0
2 3 247 74 100 146 104 193 13 249 9 11 0 0
2 3 53 118 154 209 242 194 81 168 11 15 28 3
2 3 188 13 34 149 35 208 35 230 11 30 24 10
2 3 207 245 110 233 72 42 100 66 23 6 0 0
2 3 157 103 148 180 219 222 129 91 22 2 30 2
2 3 153 79 32 111 232 151 111 194 21 23 0 0
2 3 230 73 55 92 34 214 118 185 7 9 0 0
2 3 98 221 185 86 182 32 245 141 26 19 29 10
2 3 218 195 211 196 76 54 212 191 3 10 0 0
2 3 210 114 25 70 127 185 229 183 14 6 0 0
2 3 47 90 173 83 241 118 241 63 7 9 30 27
2 3 56 13 125 201 14 187 111 119 7 21 28 17
2 3 162 26 56 141 93 84 19 204 6 5 0 0
2 3 215 162 201 24 209 211 48 165 14 22 4 26
2 3 213 151 27 108 153 225 206 194 26 28 0 0
2 3 230 193 47 141 21 36 39 87 5 3 0 0
2 3 36 98 119 132 168 136 29 180 19 12 0 0
2 3 180 43 156 206 162 56 164 244 3 2 0 0
2 3 103 26 96 248 51 17 183 163 13 25 17 26
2 3 61 40 204 235 156 92 61 11 11 27 8 8
2 3 207 30 64 128 146 70 60 210 26 25 22 6
2 3 24 39 66 166 210 249 29 196 10 10 0 0
2 3 84 234 155 119 41 18 169 143 3 30 0 0
2 3 104 104 122 10 204 92 236 235 22 30 26 17
2 3 177 91 146 244 15 187 155 63 25 5 0 0
2 3 170 163 185 108 67 76 89 198 21 25 0 0
2 3 160 244 216 139 123 48 120 13 15 7 11 17
2 3 28 86 45 134 162 24 34 80 29 26 15 10
2 3 117 88 195 181 223 119 47 111 4 10 0 0
2 3 78 191 115 34 184 156 242 197 11 10 0 0
2 3 103 30 195 242 80 46 133 150 24 18 0 0
2 3 43 93 38 94 114 248 137 187 11 23 0 0
2 3 198 30 194 88 199 163 164 205 19 11 30 7
2 3 33 142 130 221 97 34 227 204 22 15 0 0
2 3 180 56 189 156 147 60 103 215 28 12 0 0
2 3 247 217 80 188 86 146 117 237 24 12 27 22
2 3 140 159 49 64 186 145 176 37 14 2 9 24
2 3 156 10 225 187 140 201 114 133 30 5 0 0
2 3 216 32 45 171 40 204 135 128 8 30 0 0
2 3 19 240 13 14 65 25 100 24 29 6 28 19
2 3 79 82 139 36 68 215 244 172 23 5 0 0
2 3 42 49 211 119 168 198 153 61 22 18 28 7
2 3 250 55 236 61 152 53 209 111 16 4 0 0
2 3 22 174 116 130 163 102 98 223 11 2 28 15
2 3 117 85 170 230 22 47 162 213 16 9 0 0
2 3 227 188 25 122 48 70 190 93 12 17 0 0
2 3 237 42 206 14 22 131 51 119 10 5 8 10
2 3 192 44 224 214 202 127 59 63 22 4 3 10
2 3 115 25 58 213 121 96 246 211 8 11 0 0
2 3 143 70 99 167 165 150 55 16 5 9 3 11
2 3 36 69 190 94 235 176 201 207 5 5 2 3
2 3 53 116 176 40 197 244 182 191 15 29 4 23
2 3 71 133 97 39 245 246 39 234 7 11 23 6
2 3 210 45 63 229 129 160 185 192 6 4 23 15
2 3 17 53 116 233 146 98 84 70 3 21 0 0
2 3 159 226 174 19 28 198 35 250 26 8 4 11
2 3 101 231 21 81 15 18 29 235 3 29 25 4
2 3 13 178 185 201 74 225 209 221 7 9 0 0
2 3 41 90 37 190 204 243 30 114 21 2 16 27
2 3 153 211 250 202 168 25 143 157 3 4 0 0
2 3 38 172 189 249 211 215 47 190 11 2 2 14
2 3 30 196 41 22 159 244 181 108 3 28 29 4
2 3 178 79 211 146 170 23 232 69 3 22 17 17
2 3 188 191 10 42 124 122 17 149 8 13 24 3
2 3 231 113 154 142 133 41 191 47 15 3 0 0
2 3 236 198 19 197 31 207 115 101 9 13 0 0
2 3 105 223 211 139 201 71 126 157 22 9 20 8
2 3 120 113 32 241 183 132 232 140 27 9 2 3
2 3 60 48 228 95 217 141 151 203 13 16 11 29
2 3 197 120 157 199 98 242 74 67 10 29 11 13
2 3 68 133 146 57 231 70 213 48 29 18 0 0
2 3 199 232 73 47 40 145 170 106 9 5 0 0
2 3 51 225 104 210 83 24 239 241 7 12 5 8
2 3 24 30 113 130 175 175 150 172 15 18 4 6
2 3 17 84 58 140 177 164 185 181 21 4 20 13
2 3 153 236 111 16 221 94 105 208 4 10 6 17
2 3 73 234 78 218 137 65 123 170 6 6 18 23
2 3 59 128 107 52 204 242 239 228 10 9 0 0
2 3 13 239 60 87 207 106 143 60 17 23 4 19
2 3 146 226 55 111 134 12 189 236 6 11 0 0
2 3 13 249 249 235 144 40 212 10 2 16 4 7
2 3 40 134 45 161 49 126 134 134 23 18 11 25
2 3 22 66 88 242 96 205 93 190 25 3 0 0
2 3 86 120 192 86 30 206 201 208 20 2 17 13
2 3 222 53 217 173 95 236 51 24 7 4 0 0
2 3 16 139 32 25 238 67 144 89 15 15 5 27
2 3 37 55 187 181 55 237 20 85 4 8 0 0
2 3 65 222 163 60 196 146 246 170 5 8 26 26
2 3 242 148 136 67 184 116 172 37 22 9 16 24
2 3 145 103 195 157 125 26 68 173 4 18 25 23
2 3 27 143 160 211 191 237 126 35 11 24 5 6
2 3 114 147 24 220 146 46 194 110 2 6 24 18
2 3 10 33 187 28 114 235 25 240 17 12 0 0
2 3 174 47 156 84 206 179 94 13 9 12 3 2
2 3 179 115 49 78 186 148 133 125 5 24 0 0
2 3 30 128 135 249 51 139 248 150 8 4 0 0
2 3 62 143 139 75 21 52 152 49 2 7 0 0
2 3 88 71 169 167 212 173 113 93 10 13 12 4
2 3 40 33 105 60 17 215 227 13 14 3 26 16
2 3 248 172 33 84 224 98 232 64 30 11 23 6
2 3 146 13 43 202 216 142 245 46 3 4 5 26
2 3 133 224 234 32 185 57 48 229 14 7 11 28
2 3 79 12 103 182 180 83 47 190 12 5 11 11
2 3 30 28 132 17 239 173 198 116 5 16 0 0
2 3 117 158 190 86 29 76 44 13 13 8 0 0
2 3 197 10 230 163 38 177 221 130 9 19 30 11
2 3 45 84 83 160 99 199 80 200 21 8 29 5
2 3 181 207 100 174 129 150 20 75 18 18 8 19
2 3 163 82 14 21 80 226 210 156 27 10 17 17
2 3 85 73 228 106 188 91 234 216 10 14 0 0
2 3 149 107 69 128 73 41 12 238 3 8 16 3
2 3 12 210 167 220 132 105 76 39 20 7 0 0
2 3 196 55 57 223 100 203 91 16 23 3 13 19
2 3 86 37 26 208 87 195 74 77 30 6 20 9
2 3 47 100 168 77 139 147 231 138 2 9 0 0
2 3 223 11 139 106 48 245 75 185 26 18 10 30
2 3 73 215 167 34 45 135 238 158 3 10 28 14
2 3 211 151 226 36 74 69 108 122 17 24 17 10
2 3 154 99 219 115 36 212 54 217 20 12 0 0
2 3 214 39 148 247 100 202 36 164 2 2 0 0
2 3 93 91 66 44 176 89 87 171 7 13 19 20
2 3 146 181 200 66 216 44 116 235 2 30 4 9
2 3 122 113 142 135 248 179 48 95 11 3 10 3
2 3 96 226 113 29 104 149 206 64 20 4 0 0
2 3 174 28 221 127 17 193 174 174 17 3 0 0
2 3 204 150 138 46 31 181 245 101 5 7 26 10
2 3 241 31 147 184 228 76 73 168 17 15 4 29
2 3 175 154 42 235 232 181 172 122 2 20 25 11
2 3 89 170 230 104 26 69 29 46 28 26 16 6
2 3 178 12 138 213 244 56 194 233 26 6 22 13
2 3 149 181 229 37 151 51 46 12 4 25 28 13
2 3 22 194 145 229 179 97 87 203 5 5 0 0
2 3 42 225 75 63 110 247 123 19 10 5 0 0
2 3 86 61 74 27 219 78 204 110 3 17 6 8
2 3 209 81 116 232 40 74 21 98 4 10 13 24
2 3 146 231 175 74 203 190 71 24 20 27 0 0
2 3 172 101 29 64 236 117 15 161 13 16 0 0
2 3 220 101 93 14 110 35 195 86 18 19 0 0
2 3 66 131 211 244 212 245 117 157 2 22 0 0
2 3 124 61 74 119 162 218 138 36 30 16 0 0
2 3 143 191 11 154 33 174 154 22 14 11 0 0
2 3 184 143 220 10 110 241 149 38 14 13 0 0
2 3 123 151 156 173 77 246 122 47 30 15 30 29
2 3 191 36 174 113 208 114 31 145 6 18 0 0
2 3 230 85 124 20 243 50 124 183 29 19 0 0
2 3 216 129 23 181 37 108 248 185 4 15 0 0
2 3 146 245 126 31 191 105 71 184 11 30 0 0
2 3 85 164 17 74 228 202 166 32 15 26 18 21
2 3 183 127 138 192 194 140 215 31 3 12 0 0
2 3 37 66 225 39 240 91 136 74 12 10 0 0
2 3 139 220 126 59 169 205 18 40 21 7 0 0
2 3 131 139 15 171 42 188 101 129 17 2 10 5
2 3 152 46 96 127 233 22 137 30 30 2 0 0
2 3 197 45 45 150 137 248 154 13 24 5 0 0
2 3 22 230 159 39 192 63 149 76 28 8 0 0
2 3 118 86 51 223 17 75 159 61 2 26 13 14
2 3 183 69 42 90 50 10 69 106 28 17 18 17
2 3 233 237 161 142 215 91 80 26 6 10 7 3
2 3 200 207 52 34 124 103 95 61 10 28 0 0
2 3 143 23 77 152 97 153 15 94 2 8 0 0
2 3 200 42 172 79 222 38 163 129 7 21 29 11
2 3 29 239 185 238 243 136 210 197 8 2 0 0
2 3 224 21 168 104 80 173 92 157 10 15 8 6
2 3 131 81 88 242 69 21 224 158 8 30 3 27
2 3 46 61 211 72 241 55 43 183 28 13 0 0
2 3 65 227 138 125 124 61 220 78 11 22 0 0
2 3 250 216 172 153 154 57 129 149 11 9 25 18
2 3 91 235 239 162 235 78 239 104 29 4 0 0
2 3 237 244 63 75 97 58 98 101 14 13 23 6
2 3 65 130 191 160 162 124 24 201 20 22 2 18
2 3 150 228 229 86 164 59 186 20 24 5 22 11
2 3 46 32 172 236 104 240 173 152 8 3 8 29
2 3 229 92 191 115 25 69 12 19 20 23 0 0
2 3 177 211 39 45 28 182 130 11 4 6 19 16
2 3 148 38 185 36 141 83 102 177 29 8 2 21
2 3 90 14 131 77 225 238 226 143 6 30 15 8
2 3 24 192 124 93 94 101 157 241 5 20 21 14
2 3 244 191 41 96 49 146 154 67 25 4 0 0
2 3 105 168 58 169 200 246 246 241 23 14 0 0
2 3 75 246 188 52 170 126 147 200 13 8 0 0
2 3 143 222 72 154 67 28 127 28 27 26 0 0
2 3 127 14 69 41 99 158 197 186 24 30 26 19
2 3 50 152 205 181 233 229 180 223 4 4 0 0
2 3 242 97 105 87 64 83 63 145 21 3 0 0
2 3 36 83 38 58 211 66 138 123 10 17 0 0
2 3 221 27 43 87 47 229 125 150 6 22 0 0
2 3 223 209 221 37 24 108 185 17 8 13 0 0
2 3 220 68 158 17 15 126 239 75 29 19 0 0
2 3 117 10 198 77 123 204 59 50 2 10 0 0
2 3 35 10 217 86 220 155 46 46 5 21 0 0
2 3 212 214 10 218 97 236 102 10 9 29 13 30
2 3 232 224 29 18 60 115 203 241 2 4 28 5
2 3 235 124 78 63 78 131 41 212 5 6 16 2
2 3 144 163 198 247 11 139 248 125 26 23 0 0
2 3 44 228 74 12 247 197 63 67 2 2 0 0
2 3 24 240 166 94 28 22 216 99 29 13 0 0
2 3 166 176 46 54 130 229 230 241 8 25 22 26
2 3 50 187 10 105 38 116 233 135 16 10 0 0
2 3 86 96 46 147 135 217 16 48 8 13 0 0
2 3 229 122 88 139 134 162 34 167 12 25 16 14
2 3 26 132 241 53 170 208 12 60 21 15 0 0
2 3 180 246 145 223 76 22 42 81 29 21 0 0
2 3 20 104 93 40 203 62 84 68 12 22 0 0
2 3 162 148 73 138 229 193 19 79 14 13 0 0
2 3 219 108 155 34 240 76 121 197 7 23 0 0
2 3 50 24 238 26 220 151 206 135 7 12 10 6
2 3 203 208 112 69 61 73 219 235 4 20 0 0
2 3 204 29 88 111 68 185 181 59 4 2 9 15
2 3 236 106 75 224 115 243 117 212 14 6 0 0
2 3 13 18 232 106 20 249 232 36 30 18 0 0
2 3 192 29 53 33 179 243 199 106 24 27 0 0
2 3 143 111 238 220 100 159 29 164 28 3 0 0
2 3 31 24 184 112 241 191 110 49 13 20 20 2
2 3 234 226 154 139 20 49 18 104 6 13 0 0
2 3 146 89 139 212 250 127 236 24 22 21 0 0
2 3 242 61 76 119 29 102 146 102 23 15 9 25
2 3 133 149 218 157 212 168 22 192 7 21 0 0
2 3 225 121 104 128 34 82 168 28 2 28 0 0
2 3 250 126 211 246 31 134 132 26 9 3 0 0
2 3 232 130 233 81 86 145 89 205 2 10 5 12
2 3 116 119 250 211 238 115 185 188 23 10 0 0
2 3 227 84 220 136 186 67 191 186 15 4 13 11
2 3 20 235 204 121 230 175 178 85 7 28 0 0
2 3 100 133 208 126 88 35 105 122 5 9 0 0
2 3 18 43 99 65 129 213 71 90 2 26 0 0
2 3 67 19 134 92 132 199 151 111 9 12 11 5
2 3 208 55 14 138 113 90 112 10 11 28 15 30
2 3 139 124 137 225 41 30 247 249 2 7 0 0
2 3 40 42 79 139 224 224 63 139 11 4 8 20
2 3 110 204 136 171 37 158 218 67 26 12 7 5
2 3 36 166 111 17 194 216 168 171 9 9 7 12
2 3 36 119 166 110 135 144 96 237 14 25 0 0
2 3 216 131 44 141 235 206 67 248 3 10 0 0
2 3 166 10 123 201 145 41 45 120 3 10 5 22
2 3 161 161 63 105 220 227 18 37 29 17 0 0
2 3 174 218 244 29 144 45 147 151 9 7 0 0
2 3 83 158 139 14 179 230 91 67 3 21 0 0
2 3 179 52 32 141 119 240 164 162 2 4 0 0
2 3 115 16 65 123 236 69 236 29 13 12 0 0
2 3 209 226 106 61 68 107 247 230 4 6 0 0
2 3 116 27 117 199 206 37 158 167 30 24 0 0
2 3 48 250 125 219 196 246 43 43 15 4 25 15
2 3 171 185 85 242 33 200 227 244 6 15 0 0
2 3 212 38 163 102 129 123 44 190 15 16 11 15
2 3 162 140 120 137 180 112 225 196 10 25 0 0
2 3 237 149 156 36 143 135 25 49 30 5 0 0
2 3 82 10 150 119 93 205 25 134 20 13 14 20
2 3 230 52 231 13 230 178 62 182 8 10 0 0
2 3 176 208 106 65 154 73 28 175 4 7 0 0
2 3 180 193 217 185 45 21 236 75 17 16 10 12
2 3 54 42 203 244 165 54 249 206 21 15 12 5
2 3 74 14 49 90 204 149 160 120 15 16 0 0
2 3 124 238 53 31 250 198 111 82 27 6 0 0
2 3 250 223 129 198 179 66 65 47 27 6 14 28
2 3 224 181 100 44 26 44 206 162 9 30 8 2
2 3 186 160 197 112 185 68 117 115 6 24 3 18
2 3 16 244 207 11 88 182 170 195 7 5 15 22
2 3 90 211 135 225 71 146 62 172 28 2 30 24
2 3 64 218 153 24 159 191 64 49 19 17 20 10
2 3 179 26 56 250 81 35 28 121 16 12 10 11
2 3 51 218 103 76 224 173 195 67 24 7 0 0
2 3 196 68 108 208 27 105 178 22 6 24 0 0
2 3 137 203 181 134 162 100 250 212 7 9 0 0
2 3 58 61 211 155 80 124 13 105 13 13 0 0
2 3 153 64 24 195 224 158 165 25 12 3 0 0
2 3 194 243 179 51 180 27 74 182 17 9 0 0
2 3 228 106 141 57 105 241 247 35 4 11 0 0
2 3 241 231 112 31 238 23 229 192 23 4 13 13
2 3 84 10 163 208 111 60 244 158 4 4 0 0
2 3 17 105 114 124 104 247 81 91 3 20 0 0
2 3 11 238 88 174 201 21 40 102 7 19 0 0
2 3 134 217 62 167 219 28 21 190 14 14 0 0
2 3 246 10 200 232 189 250 119 227 3 17 28 6
2 3 64 204 88 226 56 165 197 190 23 2 0 0
2 3 26 239 83 20 123 120 124 75 26 24 0 0
2 3 18 118 20 153 116 206 222 55 5 2 0 0
2 3 168 188 181 15 82 21 150 154 9 2 0 0
2 3 80 149 120 153 86 10 97 196 11 5 0 0
2 3 108 129 229 237 55 217 31 105 5 30 0 0
2 3 157 34 53 24 106 20 159 116 12 14 21 8
2 3 36 20 233 88 162 49 186 230 17 10 16 20
2 3 246 215 181 89 110 78 19 189 13 14 8 6
2 3 230 34 210 22 111 44 71 144 5 12 22 2
2 3 240 187 17 10 115 161 29 24 6 24 3 12
2 3 48 100 157 128 180 33 157 224 2 2 23 17
2 3 185 202 83 37 46 43 30 33 17 15 14 22
2 3 209 25 234 150 58 206 20 101 10 6 2 10
2 3 141 119 204 25 145 229 157 186 22 11 18 20
2 3 93 193 27 93 230 33 17 176 14 13 14 14
2 3 103 59 114 41 199 213 216 223 25 5 21 20
2 3 249 241 38 131 154 65 110 81 3 3 7 25
2 3 123 107 69 55 220 240 101 96 28 20 0 0
2 3 180 63 129 51 37 151 219 126 2 10 0 0
2 3 245 64 58 20 135 19 186 221 8 11 23 3
2 3 84 204 142 155 190 20 146 243 12 5 29 7
2 3 236 127 22 235 134 141 69 80 13 9 0 0
2 3 33 203 221 139 95 79 27 250 22 6 0 0
2 3 28 86 83 241 145 204 82 167 4 21 0 0
2 3 234 93 28 163 214 16 35 224 16 18 0 0
2 3 109 166 249 60 195 219 175 42 24 9 0 0
2 3 24 185 91 247 171 174 100 79 18 10 3 12
2 3 168 155 74 145 113 230 11 189 9 26 0 0
2 3 145 82 191 216 45 218 72 176 30 25 0 0
2 3 158 238 105 227 59 159 226 235 25 8 10 3
2 3 186 187 214 41 105 134 66 204 16 5 0 0
2 3 184 165 104 125 142 160 12 88 13 21 9 6
2 3 56 116 85 108 89 140 236 122 13 30 16 15
2 3 227 57 147 216 172 214 70 32 4 3 0 0
2 3 111 117 98 36 132 118 182 197 23 9 22 8
2 3 79 112 17 37 17 97 104 188 7 7 0 0
2 3 27 175 183 26 59 126 51 198 30 15 0 0
2 3 139 130 122 188 168 219 34 193 22 3 0 0
2 3 32 65 143 128 102 206 180 10 28 13 0 0
2 3 160 165 150 249 142 243 85 52 28 7 8 22
2 3 165 242 78 28 46 135 219 234 10 29 0 0
2 3 24 56 178 19 216 80 117 210 27 3 17 21
2 3 173 60 17 23 213 224 43 92 10 2 0 0
2 3 15 146 173 177 106 224 100 13 9 14 0 0
2 3 162 191 84 177 166 62 25 211 29 21 19 19
2 3 20 124 208 79 225 238 60 22 2 2 14 3
2 3 153 211 193 208 183 30 103 29 15 15 11 28
2 3 188 227 44 198 58 21 109 16 29 22 15 28
2 3 34 215 54 78 238 14 182 87 3 28 16 15
2 3 65 226 212 84 203 40 127 166 28 3 26 12
2 3 177 89 27 48 197 96 215 11 10 13 9 28
2 3 244 190 25 135 109 131 250 110 20 27 29 29
2 3 85 54 160 82 154 125 29 182 5 29 0 0
2 3 51 69 31 58 52 11 123 216 5 9 0 0
2 3 206 31 229 98 180 121 174 231 7 19 0 0
2 3 158 83 211 36 241 68 145 184 25 16 0 0
2 3 27 141 85 190 46 21 123 14 4 12 9 24
2 3 34 216 126 237 240 20 12 246 2 5 0 0
2 3 110 144 35 91 247 185 143 84 27 3 0 0
2 3 15 228 137 236 106 225 196 218 10 25 0 0
2 3 142 103 56 233 140 144 206 171 15 25 0 0
2 3 126 230 193 128 126 151 82 75 21 2 0 0
2 3 97 211 191 232 226 86 120 131 28 20 0 0
2 3 214 145 169 248 47 131 93 111 14 2 0 0
2 3 30 209 159 26 211 114 35 236 7 4 14 20
2 3 13 53 48 246 32 109 149 230 7 2 14 5
2 3 183 97 182 71 247 148 22 27 13 18 3 7
2 3 185 240 66 211 10 127 185 58 6 20 0 0
2 3 139 42 49 217 97 151 99 34 4 22 0 0
2 3 211 214 249 166 149 138 189 29 7 22 29 16
2 3 10 250 107 189 206 195 34 106 12 3 0 0
2 3 147 224 216 81 231 163 208 48 2 26 0 0
2 3 129 183 75 112 144 246 149 105 17 10 5 15
2 3 14 177 229 53 174 182 55 247 14 2 7 29
2 3 76 79 85 168 33 39 226 205 8 22 24 21
2 3 229 175 139 88 30 138 146 160 22 12 19 17
2 3 189 193 25 216 160 31 85 27 10 28 6 20
2 3 175 174 30 213 162 194 35 121 6 9 18 9
2 3 109 233 195 48 39 20 118 188 4 16 0 0
2 3 86 235 119 151 245 231 144 20 10 5 8 3
2 3 172 91 241 140 30 60 213 240 9 11 8 30
2 3 85 60 25 217 133 19 155 155 8 2 0 0
2 3 162 129 85 104 98 140 207 220 4 9 8 2
2 3 189 216 205 50 17 211 63 95 20 21 8 16
2 3 142 225 93 79 14 193 29 121 21 10 20 11
2 3 136 208 249 76 242 99 101 18 21 21 14 20
2 3 66 214 162 114 210 220 158 14 27 15 28 13
2 3 73 48 218 74 226 220 18 210 18 19 25 3
2 3 221 239 56 209 66 65 95 57 4 10 0 0
2 3 248 236 212 138 28 236 32 177 8 18 0 0
2 3 36 99 165 153 111 210 168 187 6 22 10 8
2 3 184 129 233 239 22 116 61 116 11 4 0 0
2 3 27 180 49 95 116 58 80 179 22 29 0 0
2 3 244 107 25 169 222 148 99 13 2 12 0 0
2 3 184 15 188 154 156 247 240 55 4 10 27 17
2 3 134 234 198 93 235 56 130 35 20 15 30 10
2 3 58 112 82 39 150 59 85 151 15 24 0 0
2 3 228 133 192 69 136 26 13 23 2 3 0 0
2 3 143 39 32 208 105 212 75 107 3 12 18 2
2 3 35 56 146 140 236 177 133 236 27 15 26 20
2 3 88 118 244 131 242 27 49 133 9 26 0 0
2 3 131 138 51 186 170 78 232 70 25 23 0 0
2 3 25 136 82 122 206 157 204 174 4 29 0 0
2 3 171 110 59 56 217 100 39 64 21 12 0 0
2 3 164 56 212 146 155 29 131 215 21 26 0 0
2 3 112 79 150 171 200 186 11 106 18 11 9 11
2 3 19 181 32 19 203 154 229 25 4 18 0 0
2 3 247 67 78 214 135 199 162 214 14 11 6 29
2 3 171 42 78 147 64 222 56 30 7 5 0 0
2 3 110 248 244 225 217 128 188 25 6 10 0 0
2 3 194 115 39 180 200 118 227 189 5 25 0 0
2 3 235 134 175 201 167 146 110 34 18 3 0 0
